0 49
0 126
0 173
0 97
0 99
1 49
1 173
1 126
1 97
1 317
2 49
2 126
2 173
2 97
2 99
3 49
3 173
3 126
3 97
3 317
4 49
4 126
4 173
4 99
4 97
5 49
5 173
5 126
5 97
5 317
6 49
6 126
6 173
6 97
6 99
7 49
7 126
7 173
7 97
7 317
8 49
8 126
8 173
8 97
8 99
9 49
9 173
9 126
9 97
9 317
10 49
10 126
10 173
10 97
10 317
11 49
11 126
11 173
11 97
11 99
12 49
12 126
12 173
12 97
12 99
13 49
13 126
13 173
13 97
13 99
14 49
14 126
14 173
14 97
14 99
15 49
15 173
15 126
15 97
15 317
16 49
16 173
16 126
16 97
16 317
17 49
17 126
17 173
17 99
17 97
18 49
18 126
18 173
18 97
18 99
19 49
19 126
19 173
19 97
19 99
20 49
20 173
20 126
20 97
20 317
21 49
21 126
21 173
21 97
21 99
22 49
22 126
22 173
22 97
22 317
23 49
23 173
23 126
23 97
23 317
24 49
24 126
24 173
24 97
24 99
25 49
25 126
25 173
25 97
25 99
26 49
26 173
26 126
26 97
26 317
27 49
27 126
27 173
27 97
27 317
28 1088
28 1427
28 1125
28 760
28 1243
29 49
29 173
29 126
29 97
29 317
30 49
30 126
30 173
30 97
30 99
31 49
31 126
31 173
31 97
31 99
32 49
32 173
32 126
32 97
32 317
33 1393
33 1379
33 1475
33 1286
33 1288
34 1088
34 1427
34 760
34 1393
34 1142
35 1344
35 1288
35 996
35 1306
35 1617
36 1373
36 1605
36 1026
36 1336
36 869
37 49
37 173
37 126
37 97
37 317
38 49
38 173
38 126
38 97
38 317
39 1088
39 1393
39 1427
39 1475
39 1379
40 49
40 126
40 173
40 99
40 97
41 49
41 126
41 173
41 97
41 317
42 49
42 126
42 173
42 97
42 317
43 1427
43 1088
43 173
43 97
43 1125
44 49
44 173
44 126
44 97
44 317
45 1427
45 1088
45 1125
45 173
45 760
46 49
46 173
46 126
46 97
46 317
47 49
47 126
47 173
47 97
47 317
48 49
48 173
48 126
48 97
48 317
49 126
49 173
49 97
49 99
49 317
50 49
50 173
50 126
50 97
50 317
51 49
51 126
51 173
51 97
51 317
52 49
52 173
52 126
52 97
52 317
53 49
53 173
53 126
53 97
53 317
54 49
54 126
54 173
54 97
54 317
55 49
55 126
55 173
55 97
55 99
56 49
56 173
56 126
56 97
56 317
57 49
57 173
57 126
57 97
57 317
58 49
58 126
58 173
58 97
58 317
59 49
59 126
59 173
59 97
59 317
60 49
60 126
60 173
60 97
60 99
61 49
61 126
61 173
61 97
61 99
62 49
62 126
62 173
62 99
62 97
63 49
63 126
63 173
63 97
63 99
64 49
64 126
64 173
64 97
64 99
65 49
65 173
65 126
65 97
65 317
66 1268
66 49
66 383
66 312
66 1619
67 49
67 126
67 173
67 97
67 317
68 49
68 126
68 173
68 97
68 317
69 49
69 126
69 173
69 97
69 317
70 49
70 126
70 173
70 97
70 317
71 49
71 126
71 173
71 97
71 317
72 49
72 173
72 126
72 97
72 317
73 798
73 996
73 998
73 699
73 939
74 1226
74 1288
74 1227
74 1379
74 1314
75 49
75 126
75 173
75 99
75 312
76 49
76 173
76 126
76 97
76 317
77 49
77 126
77 173
77 99
77 312
78 49
78 126
78 173
78 97
78 317
79 869
79 438
79 334
79 1373
79 1336
80 49
80 126
80 173
80 97
80 99
81 49
81 173
81 126
81 97
81 317
82 49
82 126
82 173
82 97
82 99
83 1226
83 1227
83 1314
83 1379
83 1288
84 49
84 126
84 173
84 97
84 317
85 49
85 173
85 126
85 97
85 317
86 49
86 173
86 126
86 97
86 317
87 49
87 173
87 126
87 97
87 317
88 49
88 126
88 173
88 97
88 99
89 49
89 173
89 126
89 97
89 317
90 49
90 126
90 173
90 97
90 99
91 49
91 173
91 126
91 97
91 317
92 49
92 173
92 126
92 97
92 317
93 49
93 126
93 173
93 97
93 99
94 49
94 126
94 173
94 97
94 317
95 49
95 126
95 173
95 97
95 317
96 49
96 126
96 173
96 97
96 317
97 49
97 126
97 173
97 99
97 317
98 49
98 126
98 173
98 97
98 317
99 49
99 126
99 173
99 97
99 317
100 49
100 173
100 126
100 97
100 317
101 49
101 173
101 97
101 126
101 172
102 1226
102 1288
102 1286
102 1379
102 1392
103 869
103 438
103 1373
103 334
103 1662
104 1268
104 383
104 869
104 1619
104 66
105 49
105 126
105 173
105 99
105 312
106 49
106 126
106 173
106 97
106 99
107 49
107 126
107 173
107 99
107 97
108 49
108 126
108 173
108 97
108 317
109 1088
109 1427
109 1475
109 1393
109 760
110 49
110 126
110 173
110 97
110 317
111 1393
111 1475
111 1379
111 823
111 1286
112 1088
112 1393
112 1427
112 998
112 1475
113 49
113 126
113 173
113 97
113 99
114 49
114 173
114 126
114 97
114 317
115 49
115 126
115 173
115 97
115 99
116 49
116 126
116 173
116 97
116 99
117 49
117 126
117 173
117 97
117 99
118 49
118 126
118 173
118 99
118 97
119 1088
119 1427
119 760
119 1125
119 1142
120 49
120 126
120 173
120 97
120 99
121 49
121 126
121 173
121 99
121 97
122 49
122 173
122 126
122 97
122 317
123 49
123 126
123 173
123 97
123 99
124 49
124 126
124 173
124 97
124 99
125 49
125 126
125 173
125 97
125 99
126 49
126 173
126 97
126 99
126 317
127 49
127 173
127 126
127 97
127 317
128 49
128 126
128 173
128 97
128 317
129 1088
129 1427
129 760
129 1393
129 998
130 49
130 126
130 173
130 97
130 99
131 49
131 126
131 173
131 97
131 317
132 49
132 126
132 173
132 97
132 317
133 49
133 126
133 173
133 97
133 317
134 49
134 126
134 173
134 97
134 317
135 49
135 126
135 173
135 97
135 317
136 49
136 126
136 173
136 97
136 317
137 1226
137 1288
137 1379
137 1286
137 1314
138 49
138 173
138 97
138 126
138 172
139 49
139 126
139 173
139 97
139 317
140 49
140 126
140 173
140 99
140 97
141 49
141 173
141 126
141 97
141 317
142 49
142 126
142 173
142 97
142 317
143 49
143 126
143 173
143 97
143 317
144 1373
144 1605
144 1336
144 1026
144 869
145 1288
145 1226
145 1286
145 1344
145 1379
146 49
146 173
146 126
146 97
146 317
147 49
147 126
147 173
147 97
147 317
148 49
148 126
148 173
148 99
148 312
149 49
149 126
149 173
149 97
149 99
150 49
150 126
150 173
150 97
150 99
151 49
151 173
151 126
151 97
151 317
152 49
152 126
152 173
152 97
152 317
153 49
153 126
153 173
153 97
153 317
154 49
154 126
154 173
154 97
154 99
155 49
155 126
155 173
155 97
155 99
156 49
156 126
156 173
156 97
156 99
157 1288
157 1286
157 1379
157 1393
157 765
158 49
158 173
158 126
158 97
158 317
159 49
159 126
159 173
159 97
159 317
160 49
160 173
160 126
160 97
160 317
161 49
161 173
161 126
161 97
161 317
162 49
162 126
162 173
162 97
162 99
163 49
163 173
163 126
163 97
163 317
164 49
164 126
164 173
164 97
164 99
165 49
165 126
165 173
165 97
165 317
166 1288
166 1286
166 996
166 1344
166 798
167 49
167 126
167 173
167 97
167 317
168 49
168 126
168 173
168 97
168 317
169 49
169 126
169 173
169 97
169 317
170 49
170 173
170 126
170 97
170 317
171 49
171 126
171 173
171 97
171 99
172 49
172 126
172 173
172 97
172 99
173 49
173 126
173 97
173 99
173 317
174 49
174 126
174 173
174 97
174 99
175 49
175 126
175 173
175 97
175 99
176 49
176 126
176 173
176 97
176 99
177 49
177 126
177 173
177 97
177 317
178 49
178 126
178 173
178 97
178 317
179 49
179 126
179 173
179 97
179 317
180 49
180 126
180 173
180 97
180 99
181 49
181 126
181 173
181 97
181 317
182 49
182 126
182 173
182 97
182 99
183 49
183 173
183 126
183 97
183 317
184 49
184 126
184 173
184 97
184 317
185 49
185 126
185 173
185 97
185 317
186 49
186 126
186 173
186 97
186 317
187 49
187 126
187 173
187 97
187 317
188 49
188 173
188 126
188 97
188 317
189 49
189 126
189 173
189 97
189 317
190 49
190 126
190 173
190 97
190 317
191 49
191 126
191 173
191 97
191 99
192 49
192 126
192 173
192 97
192 99
193 49
193 126
193 173
193 97
193 99
194 49
194 126
194 173
194 97
194 317
195 49
195 126
195 173
195 97
195 317
196 49
196 126
196 173
196 97
196 317
197 49
197 173
197 126
197 97
197 317
198 49
198 126
198 173
198 97
198 317
199 49
199 126
199 173
199 97
199 317
200 49
200 126
200 173
200 97
200 317
201 49
201 126
201 173
201 97
201 99
202 49
202 173
202 126
202 97
202 317
203 49
203 126
203 173
203 97
203 317
204 49
204 126
204 173
204 97
204 99
205 49
205 173
205 126
205 97
205 317
206 49
206 173
206 126
206 97
206 317
207 49
207 173
207 126
207 97
207 317
208 49
208 126
208 173
208 97
208 317
209 49
209 126
209 173
209 97
209 317
210 49
210 173
210 126
210 97
210 317
211 49
211 126
211 173
211 97
211 99
212 49
212 126
212 173
212 97
212 317
213 49
213 126
213 173
213 97
213 99
214 49
214 126
214 173
214 97
214 99
215 49
215 126
215 173
215 97
215 317
216 49
216 173
216 126
216 97
216 317
217 49
217 126
217 173
217 97
217 99
218 49
218 173
218 126
218 97
218 317
219 49
219 173
219 126
219 97
219 317
220 49
220 173
220 126
220 97
220 317
221 49
221 126
221 173
221 97
221 99
222 49
222 126
222 173
222 97
222 317
223 49
223 126
223 173
223 97
223 99
224 49
224 173
224 126
224 97
224 317
225 49
225 126
225 173
225 97
225 99
226 49
226 173
226 126
226 97
226 317
227 49
227 126
227 173
227 97
227 317
228 49
228 126
228 173
228 97
228 99
229 49
229 126
229 173
229 97
229 317
230 49
230 126
230 173
230 97
230 99
231 49
231 126
231 173
231 97
231 99
232 49
232 126
232 173
232 97
232 99
233 49
233 126
233 173
233 97
233 317
234 49
234 173
234 126
234 97
234 317
235 49
235 126
235 173
235 99
235 97
236 49
236 126
236 173
236 97
236 99
237 49
237 126
237 173
237 97
237 317
238 49
238 126
238 173
238 97
238 317
239 49
239 173
239 126
239 97
239 317
240 49
240 126
240 173
240 97
240 99
241 49
241 126
241 173
241 97
241 99
242 49
242 312
242 126
242 99
242 1268
243 49
243 173
243 126
243 97
243 317
244 49
244 173
244 126
244 97
244 317
245 49
245 126
245 173
245 97
245 99
246 1288
246 1286
246 996
246 1344
246 1379
247 49
247 126
247 173
247 97
247 99
248 49
248 126
248 173
248 97
248 317
249 49
249 126
249 173
249 97
249 317
250 49
250 126
250 173
250 97
250 317
251 49
251 126
251 173
251 97
251 99
252 1393
252 1286
252 1288
252 996
252 1379
253 798
253 1393
253 1088
253 998
253 996
254 49
254 126
254 173
254 97
254 99
255 49
255 173
255 126
255 97
255 317
256 49
256 126
256 173
256 97
256 99
257 49
257 126
257 173
257 97
257 99
258 49
258 126
258 173
258 97
258 99
259 49
259 173
259 126
259 97
259 317
260 49
260 126
260 173
260 99
260 317
261 49
261 126
261 173
261 97
261 99
262 1373
262 334
262 869
262 774
262 1336
263 1393
263 1475
263 1088
263 1379
263 1286
264 49
264 126
264 173
264 97
264 317
265 1393
265 1475
265 1379
265 1286
265 1288
266 1226
266 1227
266 1288
266 1314
266 1379
267 49
267 126
267 173
267 97
267 99
268 49
268 126
268 173
268 97
268 99
269 49
269 126
269 173
269 99
269 97
270 49
270 126
270 173
270 97
270 99
271 49
271 126
271 173
271 97
271 99
272 49
272 126
272 173
272 97
272 317
273 49
273 126
273 173
273 97
273 317
274 49
274 126
274 173
274 97
274 99
275 49
275 126
275 173
275 97
275 99
276 49
276 126
276 173
276 97
276 99
277 49
277 173
277 126
277 97
277 317
278 49
278 173
278 126
278 97
278 317
279 49
279 126
279 173
279 97
279 99
280 49
280 173
280 126
280 97
280 317
281 49
281 126
281 173
281 97
281 99
282 49
282 126
282 173
282 97
282 99
283 49
283 173
283 126
283 97
283 317
284 49
284 126
284 173
284 97
284 99
285 49
285 126
285 173
285 97
285 99
286 49
286 126
286 173
286 99
286 97
287 49
287 126
287 173
287 97
287 99
288 49
288 126
288 173
288 97
288 99
289 49
289 126
289 173
289 99
289 97
290 49
290 126
290 173
290 97
290 99
291 49
291 126
291 173
291 97
291 99
292 49
292 173
292 126
292 97
292 317
293 49
293 126
293 173
293 97
293 99
294 49
294 126
294 173
294 97
294 317
295 334
295 869
295 1373
295 438
295 774
296 49
296 173
296 126
296 97
296 317
297 49
297 126
297 173
297 97
297 99
298 1288
298 1286
298 1344
298 1226
298 996
299 49
299 126
299 173
299 97
299 99
300 49
300 126
300 173
300 97
300 99
301 49
301 126
301 173
301 97
301 99
302 49
302 126
302 173
302 97
302 99
303 49
303 126
303 173
303 99
303 97
304 49
304 126
304 173
304 97
304 99
305 49
305 126
305 173
305 97
305 99
306 49
306 126
306 173
306 97
306 99
307 1379
307 1288
307 1226
307 1286
307 1393
308 49
308 126
308 173
308 99
308 97
309 49
309 126
309 173
309 97
309 99
310 49
310 126
310 173
310 99
310 312
311 49
311 173
311 126
311 97
311 317
312 49
312 126
312 173
312 97
312 99
313 1226
313 1288
313 1379
313 1286
313 1227
314 49
314 126
314 173
314 97
314 99
315 49
315 126
315 173
315 97
315 99
316 49
316 126
316 173
316 97
316 99
317 49
317 126
317 173
317 97
317 99
318 49
318 126
318 173
318 97
318 99
319 49
319 173
319 126
319 97
319 317
320 49
320 126
320 173
320 97
320 99
321 49
321 126
321 173
321 97
321 317
322 49
322 126
322 173
322 97
322 99
323 49
323 126
323 173
323 99
323 97
324 49
324 173
324 126
324 97
324 317
325 49
325 126
325 173
325 97
325 99
326 49
326 126
326 173
326 99
326 97
327 49
327 126
327 173
327 97
327 99
328 1373
328 1460
328 1316
328 1617
328 1223
329 1226
329 1288
329 334
329 1392
329 1227
330 49
330 126
330 173
330 99
330 97
331 49
331 126
331 173
331 99
331 97
332 49
332 126
332 173
332 97
332 99
333 1268
333 49
333 383
333 312
333 66
334 1373
334 869
334 774
334 1182
334 1336
335 869
335 334
335 438
335 1373
335 774
336 383
336 1619
336 1605
336 1268
336 1026
337 1088
337 1427
337 1475
337 1393
337 760
338 49
338 173
338 97
338 126
338 172
339 49
339 126
339 173
339 97
339 99
340 1373
340 869
340 334
340 1336
340 1605
341 49
341 126
341 173
341 99
341 312
342 49
342 126
342 173
342 97
342 99
343 1026
343 1547
343 1619
343 1316
343 36
344 49
344 126
344 173
344 97
344 99
345 49
345 126
345 173
345 97
345 99
346 49
346 126
346 173
346 97
346 99
347 334
347 1373
347 774
347 1182
347 869
348 1226
348 1288
348 1379
348 1286
348 1227
349 869
349 1373
349 334
349 438
349 1336
350 1226
350 1288
350 1227
350 1392
350 1379
351 869
351 1268
351 49
351 438
351 383
352 1288
352 1226
352 1379
352 1286
352 1393
353 49
353 126
353 173
353 97
353 317
354 1088
354 1427
354 1393
354 1475
354 760
355 49
355 173
355 126
355 97
355 317
356 49
356 126
356 173
356 97
356 99
357 49
357 126
357 173
357 99
357 317
358 334
358 1373
358 1226
358 774
358 1182
359 1088
359 1427
359 760
359 1393
359 1142
360 1268
360 383
360 66
360 1619
360 869
361 49
361 173
361 126
361 97
361 172
362 869
362 438
362 1230
362 1662
362 1215
363 49
363 173
363 126
363 97
363 317
364 49
364 173
364 126
364 97
364 317
365 1427
365 1088
365 173
365 97
365 172
366 49
366 173
366 126
366 97
366 317
367 1393
367 1379
367 1475
367 1286
367 1288
368 1393
368 1088
368 1475
368 1379
368 823
369 173
369 49
369 1427
369 97
369 1088
370 49
370 173
370 126
370 97
370 317
371 49
371 126
371 173
371 97
371 99
372 49
372 126
372 173
372 1268
372 99
373 1226
373 1227
373 1288
373 334
373 1392
374 49
374 126
374 173
374 99
374 97
375 334
375 1226
375 1373
375 869
375 774
376 1226
376 1227
376 1314
376 1288
376 1379
377 49
377 173
377 126
377 97
377 317
378 49
378 173
378 97
378 126
378 172
379 49
379 173
379 126
379 97
379 317
380 49
380 173
380 126
380 97
380 317
381 49
381 126
381 173
381 97
381 99
382 1268
382 383
382 1619
382 869
382 66
383 1268
383 66
383 1619
383 49
383 869
384 49
384 173
384 126
384 97
384 317
385 49
385 173
385 126
385 97
385 172
386 49
386 126
386 173
386 97
386 99
387 869
387 438
387 334
387 1373
387 1215
388 49
388 173
388 126
388 97
388 317
389 49
389 1268
389 126
389 312
389 99
390 1268
390 383
390 1619
390 66
390 1104
391 49
391 173
391 126
391 97
391 317
392 49
392 173
392 126
392 97
392 317
393 869
393 383
393 1605
393 1619
393 986
394 869
394 438
394 1268
394 383
394 362
395 49
395 173
395 97
395 126
395 317
396 1226
396 1227
396 438
396 334
396 869
397 1288
397 1226
397 1286
397 1379
397 1344
398 49
398 126
398 173
398 97
398 317
399 49
399 126
399 1268
399 173
399 99
400 173
400 49
400 97
400 1427
400 172
401 49
401 173
401 126
401 97
401 317
402 49
402 173
402 126
402 97
402 317
403 49
403 126
403 173
403 97
403 99
404 49
404 126
404 173
404 97
404 99
405 1226
405 1288
405 1286
405 1379
405 1314
406 869
406 438
406 362
406 1230
406 1662
407 49
407 126
407 173
407 97
407 99
408 49
408 173
408 126
408 97
408 317
409 49
409 173
409 126
409 97
409 317
410 49
410 173
410 126
410 97
410 172
411 49
411 126
411 173
411 97
411 99
412 49
412 1268
412 126
412 312
412 99
413 49
413 126
413 173
413 97
413 317
414 334
414 1373
414 774
414 1182
414 1460
415 49
415 173
415 126
415 97
415 317
416 49
416 173
416 126
416 97
416 317
417 49
417 126
417 173
417 97
417 99
418 49
418 126
418 173
418 97
418 317
419 49
419 173
419 126
419 97
419 172
420 49
420 173
420 126
420 97
420 317
421 1288
421 1226
421 334
421 1373
421 1344
422 49
422 126
422 173
422 97
422 317
423 1344
423 1617
423 1223
423 1460
423 1373
424 49
424 126
424 173
424 97
424 99
425 49
425 126
425 173
425 99
425 312
426 49
426 126
426 173
426 97
426 317
427 49
427 126
427 173
427 97
427 317
428 49
428 173
428 126
428 97
428 317
429 49
429 126
429 173
429 97
429 317
430 49
430 173
430 126
430 97
430 317
431 49
431 126
431 173
431 97
431 99
432 49
432 126
432 173
432 97
432 99
433 49
433 126
433 173
433 97
433 99
434 49
434 126
434 173
434 97
434 99
435 49
435 173
435 126
435 97
435 317
436 1226
436 1288
436 1227
436 1392
436 334
437 1227
437 1226
437 1314
437 1341
437 1379
438 869
438 362
438 1230
438 1662
438 1215
439 1288
439 1286
439 1226
439 1344
439 1379
440 1288
440 1286
440 996
440 1393
440 1379
441 1288
441 1344
441 1226
441 1286
441 1223
442 49
442 173
442 126
442 97
442 317
443 1088
443 1427
443 1393
443 1475
443 760
444 49
444 126
444 173
444 317
444 97
445 1226
445 334
445 1288
445 1373
445 1392
446 49
446 173
446 126
446 97
446 317
447 49
447 173
447 126
447 97
447 317
448 49
448 126
448 173
448 97
448 99
449 49
449 126
449 173
449 97
449 99
450 49
450 173
450 126
450 97
450 317
451 49
451 173
451 97
451 126
451 172
452 1373
452 334
452 774
452 1182
452 1336
453 1088
453 1393
453 1475
453 1427
453 1379
454 49
454 126
454 173
454 97
454 99
455 49
455 126
455 173
455 99
455 97
456 1373
456 1460
456 1344
456 1223
456 1617
457 49
457 126
457 173
457 97
457 99
458 49
458 126
458 173
458 97
458 317
459 1547
459 1526
459 1316
459 1563
459 1617
460 49
460 126
460 173
460 97
460 99
461 49
461 173
461 126
461 97
461 317
462 49
462 173
462 126
462 97
462 317
463 49
463 126
463 173
463 97
463 99
464 49
464 173
464 126
464 97
464 317
465 49
465 126
465 173
465 99
465 97
466 49
466 126
466 173
466 97
466 99
467 49
467 126
467 173
467 97
467 317
468 49
468 126
468 173
468 97
468 99
469 49
469 173
469 126
469 97
469 317
470 49
470 126
470 173
470 97
470 99
471 49
471 126
471 173
471 97
471 99
472 49
472 173
472 126
472 97
472 317
473 49
473 126
473 173
473 97
473 317
474 49
474 126
474 173
474 97
474 99
475 49
475 126
475 173
475 97
475 99
476 869
476 438
476 362
476 1230
476 1583
477 49
477 126
477 173
477 97
477 317
478 49
478 126
478 173
478 97
478 99
479 49
479 126
479 173
479 97
479 317
480 49
480 126
480 173
480 97
480 317
481 49
481 126
481 173
481 97
481 317
482 49
482 126
482 173
482 97
482 99
483 49
483 126
483 173
483 97
483 317
484 49
484 126
484 173
484 97
484 99
485 49
485 173
485 126
485 97
485 317
486 49
486 126
486 173
486 97
486 317
487 49
487 126
487 173
487 97
487 317
488 49
488 173
488 126
488 97
488 317
489 49
489 126
489 173
489 97
489 99
490 49
490 173
490 126
490 97
490 317
491 49
491 126
491 173
491 97
491 317
492 49
492 126
492 173
492 97
492 99
493 49
493 173
493 126
493 97
493 317
494 49
494 126
494 173
494 97
494 317
495 49
495 126
495 173
495 97
495 317
496 49
496 173
496 126
496 97
496 317
497 49
497 126
497 173
497 97
497 317
498 49
498 126
498 173
498 97
498 99
499 49
499 126
499 173
499 97
499 99
500 49
500 126
500 173
500 97
500 317
501 49
501 173
501 126
501 97
501 317
502 49
502 173
502 126
502 97
502 317
503 49
503 173
503 126
503 97
503 317
504 49
504 126
504 173
504 97
504 99
505 49
505 173
505 126
505 97
505 317
506 49
506 126
506 173
506 97
506 317
507 49
507 126
507 173
507 97
507 99
508 49
508 126
508 173
508 97
508 317
509 49
509 173
509 126
509 97
509 317
510 49
510 126
510 173
510 97
510 317
511 49
511 173
511 126
511 97
511 317
512 49
512 126
512 173
512 97
512 99
513 49
513 126
513 173
513 97
513 99
514 49
514 126
514 173
514 97
514 99
515 49
515 126
515 173
515 97
515 99
516 49
516 126
516 173
516 97
516 99
517 49
517 126
517 173
517 97
517 99
518 49
518 126
518 173
518 97
518 99
519 49
519 126
519 173
519 97
519 317
520 49
520 126
520 173
520 97
520 317
521 49
521 173
521 126
521 97
521 317
522 49
522 126
522 173
522 97
522 99
523 49
523 126
523 173
523 97
523 317
524 49
524 126
524 173
524 97
524 317
525 49
525 126
525 173
525 97
525 99
526 49
526 126
526 173
526 97
526 317
527 49
527 126
527 173
527 97
527 317
528 49
528 173
528 126
528 97
528 317
529 49
529 126
529 173
529 97
529 317
530 49
530 173
530 126
530 97
530 317
531 49
531 173
531 126
531 97
531 317
532 49
532 173
532 126
532 97
532 317
533 49
533 126
533 173
533 97
533 99
534 49
534 173
534 126
534 97
534 172
535 1288
535 334
535 1226
535 1344
535 1373
536 49
536 126
536 173
536 97
536 317
537 49
537 126
537 173
537 97
537 99
538 1226
538 1227
538 1288
538 1379
538 1314
539 1288
539 1286
539 1344
539 1226
539 1379
540 49
540 126
540 173
540 97
540 99
541 49
541 173
541 126
541 97
541 317
542 49
542 173
542 126
542 97
542 317
543 49
543 126
543 173
543 97
543 317
544 1226
544 334
544 1288
544 1392
544 1373
545 49
545 126
545 173
545 99
545 312
546 49
546 173
546 126
546 97
546 317
547 1288
547 1286
547 1379
547 1393
547 765
548 49
548 126
548 173
548 97
548 99
549 49
549 173
549 126
549 97
549 317
550 49
550 312
550 126
550 99
550 1268
551 49
551 173
551 126
551 97
551 317
552 49
552 173
552 126
552 97
552 317
553 49
553 173
553 126
553 97
553 317
554 1226
554 1288
554 1227
554 1379
554 1314
555 1226
555 1288
555 1379
555 1286
555 1314
556 383
556 1268
556 869
556 1619
556 66
557 49
557 173
557 126
557 97
557 317
558 49
558 173
558 126
558 97
558 317
559 1288
559 1226
559 1286
559 1379
559 765
560 49
560 126
560 173
560 97
560 99
561 49
561 173
561 126
561 97
561 317
562 49
562 126
562 173
562 97
562 317
563 869
563 438
563 334
563 362
563 1662
564 334
564 1373
564 774
564 1182
564 1288
565 49
565 126
565 173
565 97
565 317
566 1268
566 1619
566 383
566 66
566 36
567 49
567 173
567 126
567 97
567 317
568 1226
568 334
568 1288
568 1373
568 1182
569 1288
569 1226
569 1286
569 1379
569 1344
570 1373
570 1460
570 1336
570 1316
570 1026
571 49
571 173
571 126
571 97
571 317
572 1268
572 383
572 1619
572 66
572 1104
573 49
573 126
573 173
573 99
573 97
574 1268
574 383
574 1619
574 66
574 1104
575 49
575 173
575 126
575 97
575 317
576 1373
576 334
576 774
576 1336
576 1182
577 49
577 173
577 126
577 97
577 172
578 1226
578 1227
578 1288
578 334
578 1392
579 49
579 173
579 126
579 97
579 317
580 49
580 126
580 173
580 97
580 99
581 49
581 126
581 173
581 97
581 317
582 1393
582 1088
582 1475
582 1379
582 1286
583 49
583 126
583 173
583 97
583 99
584 49
584 126
584 1268
584 173
584 312
585 1226
585 1227
585 1314
585 1341
585 1288
586 1344
586 1288
586 1223
586 1617
586 1306
587 49
587 126
587 173
587 97
587 317
588 49
588 173
588 126
588 97
588 317
589 1226
589 1227
589 1288
589 1379
589 1314
590 49
590 126
590 173
590 97
590 99
591 49
591 126
591 173
591 99
591 312
592 49
592 173
592 126
592 97
592 317
593 1226
593 1288
593 1227
593 1379
593 1314
594 49
594 126
594 173
594 99
594 97
595 49
595 126
595 173
595 97
595 317
596 49
596 173
596 126
596 97
596 317
597 1288
597 1344
597 1286
597 996
597 1269
598 1373
598 334
598 1460
598 774
598 1182
599 1288
599 1226
599 1286
599 1379
599 1344
600 49
600 126
600 173
600 97
600 99
601 49
601 126
601 173
601 97
601 99
602 49
602 126
602 173
602 97
602 317
603 49
603 126
603 173
603 97
603 317
604 1427
604 1088
604 173
604 97
604 49
605 49
605 126
605 173
605 97
605 317
606 49
606 173
606 126
606 97
606 317
607 49
607 173
607 126
607 97
607 317
608 49
608 173
608 126
608 97
608 317
609 49
609 126
609 173
609 99
609 97
610 49
610 173
610 126
610 97
610 317
611 49
611 173
611 126
611 97
611 317
612 49
612 173
612 97
612 126
612 317
613 49
613 126
613 173
613 97
613 99
614 49
614 173
614 126
614 97
614 317
615 49
615 173
615 126
615 97
615 317
616 49
616 126
616 173
616 99
616 97
617 49
617 126
617 173
617 97
617 317
618 49
618 173
618 126
618 97
618 317
619 1288
619 1226
619 1379
619 1286
619 1393
620 1288
620 1286
620 996
620 1344
620 1379
621 49
621 126
621 173
621 99
621 312
622 1088
622 1427
622 760
622 1125
622 1142
623 49
623 126
623 173
623 97
623 99
624 49
624 173
624 126
624 97
624 317
625 1286
625 1393
625 1288
625 1379
625 1475
626 49
626 126
626 173
626 97
626 99
627 49
627 126
627 173
627 97
627 317
628 49
628 173
628 97
628 126
628 317
629 49
629 173
629 126
629 97
629 317
630 49
630 126
630 173
630 97
630 317
631 49
631 126
631 173
631 97
631 99
632 49
632 173
632 126
632 97
632 317
633 49
633 173
633 126
633 97
633 317
634 1288
634 1286
634 1379
634 1226
634 765
635 49
635 126
635 173
635 99
635 97
636 798
636 996
636 998
636 1393
636 1286
637 49
637 126
637 173
637 99
637 97
638 49
638 173
638 97
638 126
638 172
639 49
639 173
639 126
639 97
639 317
640 49
640 126
640 173
640 97
640 99
641 49
641 126
641 173
641 97
641 99
642 1288
642 1226
642 1286
642 1379
642 1344
643 49
643 126
643 173
643 99
643 97
644 49
644 173
644 126
644 97
644 317
645 49
645 126
645 173
645 97
645 99
646 49
646 126
646 173
646 97
646 317
647 49
647 173
647 126
647 97
647 317
648 49
648 126
648 173
648 99
648 97
649 49
649 173
649 126
649 97
649 317
650 49
650 126
650 173
650 97
650 99
651 49
651 173
651 126
651 97
651 317
652 49
652 126
652 173
652 97
652 99
653 49
653 126
653 173
653 97
653 317
654 49
654 173
654 126
654 97
654 317
655 49
655 126
655 173
655 97
655 99
656 49
656 126
656 173
656 97
656 99
657 49
657 173
657 126
657 97
657 172
658 49
658 126
658 173
658 97
658 99
659 49
659 126
659 173
659 97
659 317
660 49
660 173
660 126
660 97
660 317
661 49
661 173
661 126
661 97
661 172
662 49
662 173
662 126
662 97
662 317
663 49
663 126
663 173
663 99
663 97
664 49
664 126
664 173
664 99
664 97
665 1288
665 1286
665 996
665 1344
665 798
666 1288
666 1286
666 1226
666 1344
666 1379
667 1288
667 1226
667 1286
667 1344
667 1379
668 334
668 1373
668 774
668 1182
668 1226
669 1288
669 1286
669 996
669 1344
669 798
670 49
670 173
670 126
670 97
670 317
671 49
671 173
671 126
671 97
671 317
672 49
672 173
672 126
672 97
672 172
673 49
673 126
673 173
673 97
673 99
674 49
674 126
674 173
674 97
674 317
675 49
675 126
675 173
675 97
675 99
676 1226
676 1227
676 1379
676 1314
676 1288
677 49
677 173
677 126
677 97
677 317
678 49
678 173
678 126
678 97
678 317
679 1227
679 1226
679 1314
679 1150
679 1379
680 1226
680 1288
680 1379
680 1286
680 1314
681 49
681 126
681 173
681 99
681 97
682 1288
682 1226
682 1286
682 1344
682 1379
683 49
683 173
683 126
683 97
683 317
684 49
684 126
684 173
684 97
684 99
685 49
685 173
685 126
685 97
685 317
686 49
686 126
686 173
686 99
686 97
687 334
687 1226
687 1288
687 1373
687 1182
688 49
688 126
688 173
688 97
688 99
689 49
689 126
689 173
689 97
689 99
690 49
690 126
690 173
690 99
690 97
691 49
691 173
691 126
691 97
691 317
692 49
692 126
692 173
692 97
692 99
693 49
693 173
693 126
693 97
693 317
694 1288
694 1286
694 1344
694 996
694 1379
695 49
695 312
695 126
695 99
695 257
696 49
696 173
696 126
696 97
696 317
697 1288
697 1226
697 1344
697 1286
697 1379
698 49
698 173
698 126
698 97
698 317
699 1288
699 996
699 1344
699 1286
699 798
700 1288
700 1226
700 1344
700 1286
700 1392
701 49
701 126
701 173
701 97
701 317
702 49
702 126
702 173
702 99
702 97
703 1288
703 1226
703 1344
703 1286
703 1392
704 49
704 126
704 173
704 97
704 317
705 1226
705 1227
705 1288
705 1379
705 1314
706 49
706 173
706 126
706 97
706 317
707 49
707 126
707 173
707 99
707 97
708 49
708 173
708 126
708 97
708 317
709 49
709 173
709 126
709 97
709 317
710 1288
710 1286
710 1379
710 1226
710 1393
711 383
711 1619
711 1605
711 1026
711 1268
712 49
712 173
712 126
712 97
712 317
713 1288
713 1286
713 1344
713 1226
713 1379
714 49
714 126
714 173
714 99
714 97
715 49
715 173
715 97
715 126
715 317
716 49
716 1268
716 126
716 312
716 99
717 49
717 126
717 173
717 99
717 97
718 1373
718 334
718 774
718 1460
718 1182
719 49
719 173
719 97
719 126
719 172
720 173
720 1427
720 49
720 1088
720 97
721 49
721 173
721 126
721 97
721 317
722 49
722 173
722 97
722 126
722 172
723 49
723 126
723 173
723 97
723 317
724 1288
724 334
724 1373
724 1344
724 1226
725 1344
725 1288
725 1223
725 1617
725 1306
726 49
726 173
726 126
726 97
726 317
727 1288
727 1344
727 1286
727 1226
727 1379
728 49
728 173
728 126
728 97
728 317
729 798
729 1088
729 998
729 1427
729 760
730 1379
730 1475
730 823
730 1393
730 1226
731 49
731 173
731 126
731 97
731 317
732 49
732 126
732 99
732 312
732 173
733 1288
733 1286
733 1379
733 1393
733 1226
734 49
734 126
734 173
734 97
734 317
735 49
735 173
735 126
735 97
735 317
736 49
736 312
736 126
736 99
736 257
737 334
737 1373
737 774
737 869
737 1182
738 49
738 173
738 126
738 97
738 317
739 49
739 126
739 173
739 97
739 99
740 49
740 126
740 173
740 97
740 99
741 49
741 126
741 173
741 97
741 317
742 1226
742 1379
742 1288
742 1286
742 1393
743 49
743 126
743 173
743 97
743 99
744 49
744 126
744 173
744 99
744 97
745 49
745 173
745 126
745 97
745 317
746 49
746 173
746 126
746 97
746 317
747 49
747 126
747 173
747 97
747 99
748 49
748 126
748 173
748 99
748 312
749 49
749 126
749 173
749 97
749 99
750 49
750 173
750 126
750 97
750 317
751 49
751 173
751 126
751 97
751 317
752 49
752 126
752 173
752 97
752 317
753 1088
753 1427
753 760
753 1125
753 1142
754 49
754 126
754 173
754 97
754 99
755 49
755 126
755 173
755 99
755 312
756 1288
756 1344
756 1286
756 1226
756 1306
757 1288
757 1226
757 1344
757 1286
757 1392
758 1288
758 1226
758 1286
758 1379
758 765
759 49
759 173
759 97
759 126
759 172
760 1088
760 1427
760 1393
760 1475
760 1379
761 49
761 126
761 173
761 97
761 99
762 49
762 126
762 173
762 97
762 99
763 334
763 1373
763 774
763 869
763 1182
764 1288
764 1286
764 1344
764 1226
764 1379
765 1288
765 1286
765 1379
765 1226
765 1393
766 1288
766 1286
766 1379
766 1393
766 765
767 1288
767 1344
767 1286
767 1306
767 1223
768 1344
768 1288
768 1286
768 996
768 1306
769 49
769 126
769 173
769 99
769 97
770 1088
770 1427
770 760
770 1393
770 1475
771 49
771 126
771 173
771 99
771 312
772 1288
772 1226
772 1286
772 1379
772 1344
773 1268
773 383
773 869
773 66
773 1619
774 334
774 1373
774 1182
774 1460
774 1336
775 1288
775 1286
775 1379
775 1393
775 1226
776 1288
776 1226
776 1286
776 1344
776 1379
777 49
777 173
777 126
777 97
777 317
778 1226
778 1288
778 334
778 1392
778 1344
779 49
779 126
779 173
779 97
779 99
780 49
780 173
780 126
780 97
780 317
781 1288
781 1226
781 1286
781 1344
781 1379
782 996
782 798
782 1286
782 1288
782 1393
783 869
783 438
783 362
783 1662
783 334
784 49
784 126
784 173
784 97
784 317
785 1226
785 334
785 1288
785 1392
785 1373
786 49
786 126
786 173
786 99
786 312
787 1226
787 1288
787 1379
787 1286
787 1393
788 49
788 126
788 173
788 97
788 99
789 1288
789 1226
789 1286
789 1344
789 1379
790 49
790 126
790 173
790 99
790 97
791 49
791 126
791 173
791 97
791 99
792 49
792 173
792 126
792 97
792 317
793 49
793 173
793 126
793 97
793 317
794 1226
794 1288
794 1227
794 1392
794 334
795 49
795 126
795 173
795 99
795 97
796 49
796 126
796 312
796 1268
796 99
797 1288
797 1226
797 1286
797 1379
797 1344
798 1286
798 996
798 1288
798 1393
798 765
799 1268
799 49
799 383
799 66
799 312
800 1288
800 1344
800 1286
800 1306
800 1223
801 1226
801 1288
801 1227
801 1392
801 334
802 1226
802 1288
802 1379
802 1286
802 1314
803 1288
803 1226
803 1344
803 1286
803 1392
804 49
804 126
804 173
804 99
804 97
805 49
805 126
805 173
805 97
805 99
806 1373
806 334
806 774
806 869
806 1336
807 1088
807 1427
807 760
807 1125
807 1142
808 49
808 173
808 126
808 97
808 317
809 49
809 126
809 173
809 99
809 97
810 49
810 126
810 173
810 97
810 99
811 1373
811 1336
811 334
811 1605
811 1460
812 49
812 173
812 126
812 97
812 317
813 334
813 1373
813 1226
813 774
813 1182
814 49
814 126
814 173
814 99
814 97
815 49
815 173
815 126
815 97
815 317
816 1288
816 1226
816 1286
816 1379
816 1344
817 49
817 126
817 173
817 99
817 97
818 1288
818 1226
818 1286
818 1379
818 1344
819 1088
819 1427
819 1393
819 760
819 1475
820 49
820 126
820 173
820 99
820 312
821 1288
821 1226
821 1344
821 334
821 1392
822 1288
822 1286
822 1226
822 1379
822 1344
823 1226
823 1379
823 1288
823 1286
823 1393
824 49
824 173
824 126
824 97
824 317
825 49
825 126
825 173
825 97
825 99
826 49
826 173
826 126
826 97
826 317
827 1226
827 1288
827 1379
827 1286
827 1314
828 1226
828 1379
828 1288
828 1286
828 823
829 1226
829 1379
829 1227
829 1288
829 1314
830 49
830 173
830 126
830 97
830 317
831 1288
831 1226
831 1344
831 1286
831 1392
832 49
832 126
832 173
832 99
832 312
833 383
833 1619
833 1268
833 1026
833 1605
834 1088
834 1427
834 760
834 1142
834 1125
835 49
835 173
835 126
835 97
835 172
836 49
836 126
836 173
836 99
836 97
837 49
837 312
837 1268
837 126
837 99
838 334
838 1373
838 774
838 1182
838 1226
839 1344
839 1288
839 1286
839 1306
839 1223
840 869
840 438
840 362
840 1230
840 1583
841 1373
841 334
841 1344
841 1288
841 1460
842 49
842 173
842 126
842 97
842 317
843 49
843 173
843 126
843 97
843 317
844 49
844 126
844 173
844 97
844 99
845 49
845 126
845 173
845 97
845 99
846 49
846 126
846 173
846 97
846 99
847 1288
847 1286
847 996
847 1379
847 1393
848 49
848 126
848 173
848 97
848 99
849 49
849 126
849 173
849 99
849 312
850 49
850 173
850 126
850 97
850 171
851 869
851 438
851 362
851 334
851 1662
852 49
852 126
852 173
852 97
852 99
853 49
853 173
853 97
853 126
853 317
854 49
854 126
854 173
854 97
854 99
855 49
855 173
855 126
855 97
855 317
856 1288
856 1286
856 1226
856 1344
856 1379
857 1226
857 334
857 1373
857 1288
857 1392
858 1373
858 334
858 1460
858 774
858 1223
859 1393
859 1286
859 1288
859 1379
859 996
860 334
860 869
860 1373
860 438
860 774
861 1088
861 1427
861 1393
861 760
861 1475
862 173
862 49
862 97
862 126
862 172
863 49
863 173
863 126
863 97
863 317
864 49
864 126
864 173
864 97
864 317
865 49
865 126
865 173
865 97
865 317
866 49
866 126
866 173
866 97
866 99
867 1288
867 1226
867 1286
867 1344
867 1379
868 1393
868 1379
868 1475
868 1286
868 1288
869 438
869 362
869 1662
869 1230
869 1215
870 1288
870 1344
870 1286
870 996
870 1226
871 49
871 126
871 173
871 97
871 99
872 49
872 126
872 173
872 99
872 97
873 334
873 1373
873 1226
873 869
873 774
874 49
874 173
874 126
874 97
874 317
875 1288
875 1344
875 1286
875 1226
875 1306
876 49
876 126
876 173
876 99
876 317
877 1373
877 334
877 774
877 1182
877 1460
878 438
878 869
878 1230
878 1150
878 1240
879 49
879 126
879 312
879 173
879 99
880 1373
880 334
880 774
880 1182
880 1460
881 1344
881 1288
881 1286
881 1223
881 1306
882 869
882 1373
882 438
882 1605
882 1336
883 49
883 173
883 126
883 97
883 172
884 334
884 1226
884 1373
884 1288
884 1182
885 869
885 1268
885 383
885 438
885 1619
886 49
886 126
886 173
886 97
886 99
887 49
887 173
887 126
887 97
887 317
888 1373
888 334
888 869
888 1336
888 1605
889 1605
889 1373
889 869
889 1026
889 1336
890 1288
890 1286
890 996
890 1344
890 765
891 49
891 126
891 173
891 99
891 97
892 1288
892 1344
892 1286
892 1226
892 996
893 49
893 126
893 173
893 97
893 317
894 49
894 126
894 173
894 97
894 99
895 49
895 173
895 126
895 97
895 317
896 869
896 438
896 334
896 1373
896 387
897 49
897 126
897 173
897 99
897 312
898 1288
898 1286
898 1379
898 1226
898 1393
899 49
899 173
899 126
899 97
899 317
900 1288
900 1344
900 1286
900 1226
900 1306
901 49
901 173
901 126
901 97
901 317
902 1226
902 1288
902 1379
902 1286
902 1227
903 1268
903 383
903 869
903 1619
903 66
904 1373
904 1460
904 1617
904 1316
904 1223
905 1288
905 1286
905 1344
905 1226
905 1379
906 1226
906 1288
906 1379
906 1392
906 1227
907 1226
907 1288
907 1227
907 1379
907 1314
908 1379
908 1393
908 1475
908 1226
908 823
909 1288
909 1286
909 1379
909 996
909 765
910 1226
910 334
910 1288
910 1392
910 1373
911 1226
911 1288
911 1379
911 1286
911 1314
912 869
912 438
912 334
912 387
912 1215
913 869
913 438
913 1373
913 334
913 1336
914 49
914 126
914 173
914 99
914 97
915 49
915 173
915 126
915 97
915 317
916 1226
916 1288
916 1379
916 1286
916 1227
917 1286
917 1288
917 996
917 798
917 1393
918 49
918 126
918 173
918 97
918 99
919 1226
919 1288
919 1227
919 1379
919 1314
920 49
920 126
920 173
920 97
920 317
921 49
921 173
921 126
921 97
921 317
922 49
922 126
922 173
922 97
922 99
923 49
923 126
923 173
923 97
923 99
924 49
924 126
924 173
924 99
924 97
925 49
925 126
925 173
925 97
925 99
926 1288
926 1344
926 1226
926 1223
926 1286
927 49
927 173
927 126
927 97
927 317
928 1373
928 334
928 774
928 1460
928 1336
929 49
929 126
929 173
929 97
929 99
930 1286
930 1288
930 1393
930 996
930 798
931 49
931 173
931 126
931 97
931 317
932 1226
932 1288
932 334
932 1392
932 1373
933 334
933 1373
933 774
933 1182
933 1460
934 49
934 173
934 97
934 126
934 171
935 49
935 126
935 173
935 97
935 317
936 1288
936 1226
936 1286
936 1379
936 765
937 1373
937 1460
937 334
937 774
937 1316
938 49
938 126
938 173
938 99
938 97
939 1286
939 1288
939 1393
939 996
939 1379
940 49
940 173
940 97
940 126
940 172
941 49
941 126
941 173
941 99
941 97
942 49
942 126
942 173
942 97
942 317
943 1427
943 1088
943 173
943 97
943 49
944 49
944 126
944 173
944 99
944 97
945 49
945 173
945 126
945 97
945 317
946 1226
946 1288
946 1379
946 1286
946 1314
947 334
947 869
947 438
947 1226
947 1373
948 49
948 126
948 173
948 97
948 99
949 49
949 126
949 173
949 99
949 97
950 49
950 126
950 173
950 97
950 99
951 49
951 173
951 97
951 126
951 317
952 49
952 173
952 126
952 97
952 317
953 1373
953 334
953 774
953 1460
953 1182
954 49
954 173
954 126
954 97
954 317
955 49
955 173
955 126
955 97
955 317
956 1286
956 1288
956 1393
956 1379
956 996
957 49
957 126
957 173
957 97
957 99
958 49
958 126
958 173
958 97
958 99
959 49
959 126
959 173
959 99
959 312
960 49
960 173
960 126
960 97
960 317
961 1373
961 334
961 1460
961 774
961 1336
962 49
962 126
962 173
962 97
962 99
963 438
963 869
963 1227
963 387
963 334
964 49
964 126
964 173
964 99
964 97
965 49
965 173
965 126
965 97
965 317
966 49
966 126
966 173
966 99
966 97
967 49
967 126
967 173
967 97
967 317
968 49
968 173
968 126
968 97
968 317
969 869
969 438
969 334
969 362
969 1662
970 49
970 173
970 126
970 97
970 317
971 49
971 173
971 1427
971 1088
971 126
972 49
972 1268
972 312
972 126
972 99
973 1393
973 1286
973 1379
973 1288
973 1475
974 1088
974 1427
974 760
974 1125
974 1142
975 1288
975 334
975 1373
975 1344
975 1226
976 49
976 173
976 126
976 97
976 317
977 49
977 126
977 173
977 97
977 317
978 49
978 126
978 173
978 97
978 317
979 49
979 1268
979 126
979 312
979 173
980 334
980 1226
980 869
980 438
980 1227
981 49
981 126
981 173
981 317
981 97
982 334
982 1226
982 1373
982 774
982 1182
983 49
983 173
983 126
983 97
983 317
984 1373
984 334
984 869
984 1336
984 774
985 49
985 126
985 173
985 99
985 312
986 869
986 438
986 1373
986 1605
986 334
987 49
987 126
987 312
987 99
987 173
988 1088
988 1427
988 1243
988 760
988 1125
989 1288
989 1226
989 334
989 1373
989 1182
990 1344
990 1288
990 1617
990 1223
990 1460
991 1288
991 1286
991 1226
991 1344
991 1379
992 49
992 126
992 173
992 97
992 317
993 1288
993 1286
993 1344
993 996
993 1379
994 1268
994 383
994 66
994 1619
994 425
995 1288
995 1344
995 1286
995 1226
995 1223
996 1288
996 1286
996 1379
996 1393
996 765
997 1288
997 1226
997 1286
997 1379
997 765
998 1286
998 1393
998 1288
998 1379
998 996
999 1288
999 1226
999 1286
999 1379
999 1393
1000 49
1000 173
1000 126
1000 97
1000 317
1001 1288
1001 1286
1001 1344
1001 996
1001 1379
1002 1288
1002 1344
1002 1286
1002 1226
1002 1379
1003 1373
1003 334
1003 774
1003 1182
1003 1460
1004 49
1004 173
1004 126
1004 97
1004 317
1005 1316
1005 1617
1005 1344
1005 1460
1005 1547
1006 49
1006 126
1006 173
1006 99
1006 97
1007 1373
1007 1316
1007 1026
1007 1460
1007 1336
1008 49
1008 173
1008 126
1008 97
1008 317
1009 49
1009 126
1009 173
1009 97
1009 317
1010 49
1010 126
1010 173
1010 97
1010 317
1011 49
1011 126
1011 173
1011 97
1011 99
1012 1226
1012 1288
1012 1379
1012 1286
1012 1227
1013 1427
1013 1088
1013 173
1013 1125
1013 97
1014 1226
1014 1288
1014 1227
1014 1379
1014 1392
1015 49
1015 126
1015 173
1015 97
1015 317
1016 49
1016 126
1016 173
1016 97
1016 99
1017 49
1017 126
1017 173
1017 99
1017 97
1018 49
1018 173
1018 126
1018 97
1018 317
1019 49
1019 126
1019 173
1019 97
1019 99
1020 49
1020 126
1020 173
1020 97
1020 317
1021 1088
1021 1427
1021 760
1021 1142
1021 1125
1022 869
1022 438
1022 362
1022 1230
1022 1215
1023 1288
1023 1286
1023 1379
1023 1226
1023 1393
1024 1288
1024 1286
1024 1226
1024 1379
1024 765
1025 1226
1025 1288
1025 1286
1025 1392
1025 1379
1026 1373
1026 1605
1026 1336
1026 869
1026 334
1027 49
1027 173
1027 126
1027 97
1027 317
1028 1088
1028 1427
1028 1393
1028 760
1028 1475
1029 1288
1029 1286
1029 1379
1029 1226
1029 1393
1030 334
1030 1373
1030 774
1030 1182
1030 1460
1031 869
1031 438
1031 334
1031 1373
1031 387
1032 1379
1032 1393
1032 1288
1032 1286
1032 1226
1033 798
1033 996
1033 998
1033 939
1033 1660
1034 869
1034 438
1034 362
1034 1230
1034 1583
1035 49
1035 173
1035 126
1035 97
1035 317
1036 1373
1036 334
1036 774
1036 1460
1036 1336
1037 1226
1037 1288
1037 1379
1037 1286
1037 1314
1038 49
1038 126
1038 173
1038 97
1038 317
1039 1226
1039 1288
1039 1379
1039 1286
1039 1227
1040 49
1040 126
1040 173
1040 97
1040 99
1041 49
1041 126
1041 312
1041 1268
1041 99
1042 49
1042 173
1042 126
1042 97
1042 317
1043 1088
1043 1427
1043 1393
1043 1475
1043 760
1044 1288
1044 1226
1044 1344
1044 1392
1044 1286
1045 869
1045 438
1045 362
1045 1662
1045 1230
1046 173
1046 49
1046 97
1046 126
1046 172
1047 1288
1047 1226
1047 1286
1047 1379
1047 1344
1048 1226
1048 1227
1048 1288
1048 1379
1048 1314
1049 49
1049 126
1049 173
1049 97
1049 99
1050 49
1050 126
1050 173
1050 99
1050 312
1051 1288
1051 1226
1051 1286
1051 1379
1051 1393
1052 49
1052 126
1052 173
1052 99
1052 97
1053 1373
1053 334
1053 774
1053 1460
1053 1336
1054 1288
1054 1286
1054 1226
1054 1379
1054 1344
1055 869
1055 438
1055 334
1055 1373
1055 387
1056 1226
1056 1288
1056 1392
1056 1286
1056 334
1057 49
1057 126
1057 173
1057 99
1057 312
1058 798
1058 699
1058 1563
1058 1648
1058 996
1059 49
1059 1268
1059 126
1059 312
1059 99
1060 1288
1060 1226
1060 1344
1060 1286
1060 1392
1061 1288
1061 1286
1061 1379
1061 1226
1061 1344
1062 49
1062 126
1062 173
1062 97
1062 99
1063 49
1063 126
1063 173
1063 97
1063 317
1064 49
1064 126
1064 173
1064 97
1064 99
1065 1088
1065 1393
1065 1475
1065 1427
1065 1379
1066 49
1066 126
1066 173
1066 99
1066 97
1067 438
1067 869
1067 334
1067 1227
1067 387
1068 1088
1068 1427
1068 760
1068 1142
1068 1393
1069 49
1069 1268
1069 126
1069 312
1069 173
1070 334
1070 1226
1070 1373
1070 1392
1070 774
1071 1226
1071 334
1071 1373
1071 1227
1071 1392
1072 49
1072 126
1072 173
1072 97
1072 99
1073 49
1073 126
1073 173
1073 99
1073 97
1074 334
1074 1373
1074 1226
1074 774
1074 1182
1075 1288
1075 1379
1075 1226
1075 1286
1075 1393
1076 869
1076 438
1076 362
1076 1662
1076 1230
1077 1379
1077 1393
1077 1475
1077 1286
1077 1288
1078 1088
1078 1427
1078 1475
1078 1393
1078 823
1079 1288
1079 1226
1079 1286
1079 1379
1079 1344
1080 1288
1080 1379
1080 1286
1080 1226
1080 1393
1081 1288
1081 1344
1081 1223
1081 1286
1081 1226
1082 438
1082 869
1082 362
1082 1230
1082 387
1083 49
1083 126
1083 173
1083 99
1083 97
1084 49
1084 126
1084 173
1084 97
1084 99
1085 1393
1085 1379
1085 1286
1085 1288
1085 1475
1086 334
1086 1373
1086 774
1086 1226
1086 1182
1087 1288
1087 1379
1087 1226
1087 1286
1087 1393
1088 1427
1088 1393
1088 1475
1088 760
1088 1379
1089 49
1089 126
1089 173
1089 99
1089 97
1090 1226
1090 1288
1090 1227
1090 1392
1090 334
1091 1226
1091 1288
1091 1286
1091 1344
1091 1379
1092 49
1092 126
1092 173
1092 99
1092 97
1093 1288
1093 1226
1093 1344
1093 1286
1093 1379
1094 1605
1094 1373
1094 1026
1094 383
1094 1619
1095 869
1095 438
1095 334
1095 1373
1095 362
1096 1379
1096 1226
1096 1475
1096 823
1096 1393
1097 49
1097 173
1097 126
1097 97
1097 317
1098 49
1098 126
1098 1268
1098 312
1098 173
1099 869
1099 438
1099 1373
1099 334
1099 1336
1100 49
1100 173
1100 126
1100 97
1100 317
1101 334
1101 1226
1101 1373
1101 1392
1101 774
1102 49
1102 126
1102 173
1102 99
1102 97
1103 1227
1103 438
1103 1150
1103 1240
1103 1226
1104 1268
1104 383
1104 869
1104 66
1104 1619
1105 1226
1105 1227
1105 334
1105 1288
1105 1392
1106 1373
1106 1460
1106 1617
1106 1223
1106 1344
1107 334
1107 1373
1107 1226
1107 774
1107 1182
1108 49
1108 126
1108 173
1108 99
1108 97
1109 49
1109 126
1109 173
1109 97
1109 99
1110 798
1110 996
1110 1286
1110 1288
1110 1393
1111 1226
1111 1288
1111 1286
1111 1392
1111 1344
1112 1619
1112 1026
1112 383
1112 1547
1112 36
1113 798
1113 996
1113 699
1113 998
1113 1269
1114 49
1114 173
1114 126
1114 97
1114 317
1115 869
1115 1605
1115 1373
1115 1336
1115 986
1116 869
1116 334
1116 438
1116 1373
1116 387
1117 1427
1117 1088
1117 173
1117 97
1117 172
1118 49
1118 126
1118 173
1118 97
1118 99
1119 1226
1119 1288
1119 1379
1119 1286
1119 1314
1120 49
1120 126
1120 173
1120 97
1120 99
1121 49
1121 126
1121 173
1121 97
1121 99
1122 1227
1122 1226
1122 438
1122 1314
1122 1341
1123 1288
1123 1226
1123 1344
1123 334
1123 1392
1124 438
1124 869
1124 1230
1124 362
1124 1240
1125 49
1125 173
1125 97
1125 126
1125 317
1126 1226
1126 1288
1126 1379
1126 1286
1126 1227
1127 1379
1127 1226
1127 1288
1127 1286
1127 1393
1128 49
1128 173
1128 126
1128 97
1128 317
1129 1288
1129 1286
1129 1344
1129 996
1129 1379
1130 49
1130 173
1130 126
1130 97
1130 317
1131 1286
1131 1393
1131 996
1131 798
1131 1288
1132 1288
1132 1286
1132 1226
1132 1379
1132 765
1133 49
1133 126
1133 173
1133 99
1133 97
1134 49
1134 126
1134 173
1134 97
1134 99
1135 49
1135 173
1135 126
1135 97
1135 317
1136 49
1136 126
1136 173
1136 97
1136 99
1137 49
1137 173
1137 126
1137 97
1137 317
1138 49
1138 126
1138 173
1138 99
1138 312
1139 1226
1139 1227
1139 334
1139 1288
1139 1392
1140 334
1140 1373
1140 869
1140 774
1140 438
1141 49
1141 126
1141 173
1141 97
1141 99
1142 1088
1142 1427
1142 1393
1142 760
1142 1475
1143 49
1143 1268
1143 312
1143 126
1143 383
1144 1373
1144 334
1144 774
1144 1460
1144 1182
1145 1226
1145 1288
1145 1379
1145 1286
1145 1314
1146 1288
1146 1226
1146 1286
1146 1379
1146 1344
1147 1226
1147 1288
1147 1379
1147 1286
1147 1314
1148 49
1148 126
1148 173
1148 97
1148 99
1149 1393
1149 1475
1149 1379
1149 1286
1149 1288
1150 438
1150 1227
1150 869
1150 1240
1150 387
1151 1088
1151 1427
1151 760
1151 1125
1151 1142
1152 49
1152 126
1152 173
1152 99
1152 97
1153 1088
1153 1427
1153 1125
1153 760
1153 1243
1154 1288
1154 1379
1154 1286
1154 1226
1154 1393
1155 1288
1155 1344
1155 1226
1155 1286
1155 1223
1156 49
1156 126
1156 173
1156 97
1156 99
1157 1226
1157 1227
1157 1379
1157 1288
1157 1314
1158 1427
1158 1088
1158 173
1158 1125
1158 97
1159 49
1159 173
1159 126
1159 97
1159 317
1160 1288
1160 1286
1160 1379
1160 1393
1160 765
1161 1288
1161 1344
1161 1373
1161 1223
1161 334
1162 1288
1162 1286
1162 1344
1162 1226
1162 1379
1163 438
1163 869
1163 362
1163 1230
1163 1215
1164 1288
1164 1286
1164 1226
1164 1379
1164 765
1165 49
1165 1268
1165 126
1165 312
1165 173
1166 49
1166 126
1166 173
1166 99
1166 97
1167 1526
1167 1563
1167 1547
1167 1316
1167 798
1168 1373
1168 1460
1168 1316
1168 1617
1168 334
1169 49
1169 126
1169 798
1169 312
1169 99
1170 1268
1170 383
1170 49
1170 66
1170 1619
1171 49
1171 126
1171 173
1171 97
1171 99
1172 1288
1172 1286
1172 1379
1172 765
1172 996
1173 49
1173 126
1173 1268
1173 312
1173 173
1174 1288
1174 1344
1174 1286
1174 1226
1174 996
1175 1288
1175 1226
1175 1344
1175 334
1175 1373
1176 1373
1176 334
1176 774
1176 1336
1176 1182
1177 1288
1177 1226
1177 1286
1177 1379
1177 765
1178 1226
1178 334
1178 1288
1178 1373
1178 1392
1179 1226
1179 1227
1179 1314
1179 1288
1179 1379
1180 334
1180 1373
1180 774
1180 1226
1180 1182
1181 1288
1181 1286
1181 1226
1181 1379
1181 1393
1182 334
1182 1373
1182 774
1182 1226
1182 1460
1183 49
1183 126
1183 173
1183 99
1183 97
1184 334
1184 1226
1184 1373
1184 1288
1184 774
1185 334
1185 869
1185 1373
1185 438
1185 774
1186 49
1186 173
1186 126
1186 97
1186 317
1187 1088
1187 1393
1187 1475
1187 1427
1187 1379
1188 49
1188 173
1188 126
1188 97
1188 172
1189 1268
1189 49
1189 383
1189 312
1189 66
1190 334
1190 1373
1190 1226
1190 774
1190 1182
1191 1379
1191 1226
1191 1288
1191 1393
1191 1286
1192 798
1192 996
1192 998
1192 939
1192 1660
1193 173
1193 97
1193 49
1193 1427
1193 1088
1194 49
1194 173
1194 126
1194 97
1194 317
1195 1226
1195 1288
1195 1392
1195 1227
1195 1379
1196 1088
1196 1427
1196 760
1196 1393
1196 1475
1197 1227
1197 1226
1197 1314
1197 1150
1197 1341
1198 49
1198 173
1198 126
1198 97
1198 317
1199 334
1199 869
1199 438
1199 1226
1199 1227
1200 1288
1200 1286
1200 1226
1200 1379
1200 1393
1201 49
1201 126
1201 173
1201 97
1201 99
1202 49
1202 173
1202 126
1202 97
1202 317
1203 49
1203 126
1203 173
1203 99
1203 97
1204 1088
1204 1393
1204 1475
1204 1379
1204 1427
1205 1373
1205 1460
1205 334
1205 1617
1205 1223
1206 49
1206 126
1206 173
1206 99
1206 97
1207 334
1207 1373
1207 774
1207 1182
1207 869
1208 334
1208 1373
1208 774
1208 1182
1208 1336
1209 1373
1209 334
1209 774
1209 869
1209 1336
1210 49
1210 173
1210 126
1210 97
1210 317
1211 1226
1211 1288
1211 334
1211 1392
1211 1344
1212 1226
1212 1288
1212 1379
1212 1286
1212 1314
1213 1226
1213 1288
1213 1286
1213 1379
1213 1344
1214 1288
1214 1226
1214 1286
1214 1379
1214 1393
1215 869
1215 438
1215 362
1215 334
1215 1662
1216 49
1216 126
1216 173
1216 97
1216 99
1217 1427
1217 1088
1217 173
1217 97
1217 1125
1218 869
1218 438
1218 334
1218 1226
1218 1227
1219 49
1219 173
1219 126
1219 97
1219 172
1220 49
1220 126
1220 173
1220 99
1220 97
1221 1288
1221 1286
1221 1344
1221 996
1221 765
1222 1288
1222 1226
1222 1286
1222 1379
1222 765
1223 1288
1223 1373
1223 334
1223 1344
1223 1226
1224 869
1224 438
1224 334
1224 1373
1224 1662
1225 1288
1225 1286
1225 1379
1225 1393
1225 1226
1226 1288
1226 1379
1226 1286
1226 1227
1226 1314
1227 1226
1227 1379
1227 1288
1227 1314
1227 823
1228 1288
1228 1286
1228 1226
1228 1379
1228 765
1229 1373
1229 334
1229 774
1229 1182
1229 1288
1230 869
1230 438
1230 362
1230 1662
1230 1215
1231 1226
1231 1288
1231 1286
1231 1392
1231 1344
1232 1286
1232 1393
1232 1288
1232 1379
1232 1475
1233 334
1233 1373
1233 774
1233 1182
1233 869
1234 869
1234 438
1234 334
1234 387
1234 1215
1235 1379
1235 1393
1235 1475
1235 823
1235 1226
1236 49
1236 126
1236 173
1236 99
1236 97
1237 869
1237 334
1237 438
1237 1373
1237 387
1238 49
1238 173
1238 126
1238 97
1238 317
1239 49
1239 126
1239 173
1239 97
1239 317
1240 438
1240 869
1240 362
1240 1230
1240 387
1241 438
1241 869
1241 1226
1241 334
1241 1227
1242 1288
1242 1344
1242 1286
1242 1226
1242 1379
1243 1088
1243 1427
1243 760
1243 1475
1243 1142
1244 1026
1244 1373
1244 1316
1244 1547
1244 1605
1245 1226
1245 1288
1245 1392
1245 334
1245 1344
1246 1288
1246 1226
1246 1286
1246 1344
1246 1379
1247 1288
1247 1286
1247 1226
1247 1379
1247 765
1248 334
1248 1226
1248 1288
1248 1373
1248 1182
1249 1344
1249 1288
1249 1617
1249 1223
1249 1306
1250 1288
1250 1226
1250 1286
1250 1379
1250 765
1251 1226
1251 1288
1251 334
1251 1392
1251 1227
1252 1226
1252 1288
1252 1379
1252 1286
1252 1227
1253 1373
1253 334
1253 869
1253 774
1253 1336
1254 1286
1254 1288
1254 1393
1254 1379
1254 765
1255 1226
1255 1288
1255 1379
1255 1286
1255 1227
1256 1288
1256 1226
1256 1286
1256 1379
1256 765
1257 996
1257 1286
1257 1288
1257 798
1257 1344
1258 1288
1258 1286
1258 1226
1258 1379
1258 765
1259 1088
1259 1393
1259 1475
1259 1427
1259 1379
1260 1373
1260 334
1260 774
1260 1460
1260 1336
1261 1088
1261 1427
1261 760
1261 1125
1261 1142
1262 869
1262 438
1262 362
1262 1230
1262 1215
1263 869
1263 438
1263 334
1263 1373
1263 1662
1264 1379
1264 1288
1264 1286
1264 1226
1264 1393
1265 1288
1265 1226
1265 334
1265 1373
1265 1344
1266 1226
1266 1288
1266 1379
1266 1286
1266 1393
1267 49
1267 126
1267 173
1267 99
1267 97
1268 49
1268 126
1268 173
1268 99
1268 312
1269 1288
1269 1286
1269 1379
1269 1226
1269 765
1270 1288
1270 1344
1270 1286
1270 996
1270 1226
1271 1373
1271 334
1271 774
1271 1182
1271 1460
1272 1088
1272 1427
1272 760
1272 1142
1272 1393
1273 1288
1273 1226
1273 1286
1273 1344
1273 1379
1274 334
1274 1373
1274 1288
1274 1226
1274 1182
1275 1344
1275 1288
1275 1223
1275 1617
1275 1460
1276 49
1276 126
1276 173
1276 99
1276 312
1277 49
1277 173
1277 126
1277 97
1277 317
1278 1288
1278 1226
1278 1286
1278 1379
1278 1344
1279 334
1279 1226
1279 1373
1279 774
1279 1182
1280 1373
1280 334
1280 869
1280 774
1280 1336
1281 49
1281 126
1281 173
1281 312
1281 99
1282 1288
1282 1344
1282 1286
1282 1226
1282 1379
1283 1379
1283 1226
1283 1475
1283 1288
1283 823
1284 1288
1284 1226
1284 334
1284 1344
1284 1392
1285 49
1285 312
1285 126
1285 99
1285 1268
1286 1288
1286 1379
1286 1226
1286 1393
1286 765
1287 1288
1287 1344
1287 1286
1287 1223
1287 1306
1288 1226
1288 1286
1288 1379
1288 765
1288 1393
1289 1226
1289 1288
1289 1227
1289 1392
1289 1379
1290 798
1290 996
1290 998
1290 760
1290 939
1291 1288
1291 1226
1291 334
1291 1373
1291 1182
1292 1226
1292 1288
1292 1286
1292 1379
1292 1392
1293 1226
1293 1379
1293 1288
1293 823
1293 1475
1294 1226
1294 1288
1294 1286
1294 1379
1294 1392
1295 1268
1295 383
1295 66
1295 1619
1295 49
1296 1288
1296 1286
1296 1226
1296 1379
1296 765
1297 49
1297 173
1297 97
1297 126
1297 317
1298 1288
1298 1226
1298 1286
1298 1379
1298 1344
1299 1288
1299 1226
1299 1286
1299 1379
1299 1344
1300 1288
1300 1286
1300 1379
1300 1226
1300 1393
1301 1088
1301 1427
1301 1393
1301 1475
1301 1379
1302 1226
1302 1227
1302 1288
1302 334
1302 1392
1303 1379
1303 1288
1303 1286
1303 1226
1303 1393
1304 1226
1304 1379
1304 1227
1304 823
1304 1314
1305 1226
1305 1288
1305 334
1305 1392
1305 1344
1306 1288
1306 1344
1306 1226
1306 1286
1306 1379
1307 1288
1307 1226
1307 1344
1307 1286
1307 1379
1308 1226
1308 1227
1308 1379
1308 1288
1308 1314
1309 1226
1309 1288
1309 1379
1309 1227
1309 1286
1310 1288
1310 1286
1310 1379
1310 1226
1310 765
1311 1288
1311 1226
1311 1286
1311 1379
1311 1344
1312 869
1312 334
1312 1373
1312 438
1312 774
1313 1288
1313 1226
1313 1379
1313 1286
1313 1393
1314 1226
1314 1288
1314 1379
1314 1286
1314 1227
1315 1288
1315 1286
1315 1226
1315 1344
1315 1379
1316 1373
1316 334
1316 1460
1316 774
1316 1336
1317 869
1317 438
1317 334
1317 387
1317 1215
1318 1288
1318 1286
1318 1226
1318 1379
1318 765
1319 869
1319 1373
1319 1605
1319 1336
1319 334
1320 1344
1320 1288
1320 1373
1320 1223
1320 1460
1321 334
1321 1373
1321 1226
1321 1288
1321 774
1322 334
1322 1373
1322 774
1322 1182
1322 869
1323 1288
1323 1226
1323 1286
1323 1379
1323 1344
1324 334
1324 1373
1324 1226
1324 774
1324 1182
1325 1288
1325 1286
1325 1344
1325 1226
1325 996
1326 1288
1326 1226
1326 1286
1326 1379
1326 765
1327 1226
1327 1288
1327 1392
1327 334
1327 1344
1328 334
1328 1373
1328 774
1328 1182
1328 1460
1329 1288
1329 1226
1329 1344
1329 1286
1329 1392
1330 869
1330 438
1330 334
1330 1373
1330 1662
1331 1373
1331 334
1331 774
1331 1182
1331 1460
1332 869
1332 438
1332 1373
1332 334
1332 1605
1333 1288
1333 1226
1333 1344
1333 1286
1333 1392
1334 1288
1334 1226
1334 1286
1334 1379
1334 1344
1335 1288
1335 1226
1335 1379
1335 1286
1335 1393
1336 1373
1336 869
1336 334
1336 1605
1336 774
1337 1288
1337 1226
1337 1344
1337 1286
1337 1392
1338 1288
1338 1226
1338 1379
1338 1286
1338 1393
1339 1288
1339 1226
1339 1286
1339 1379
1339 765
1340 1288
1340 1286
1340 1226
1340 1379
1340 1344
1341 1226
1341 1288
1341 1227
1341 1379
1341 1286
1342 1226
1342 1288
1342 1286
1342 1379
1342 1392
1343 1379
1343 1393
1343 1475
1343 1226
1343 1288
1344 1288
1344 1286
1344 1226
1344 1379
1344 765
1345 334
1345 1226
1345 1373
1345 774
1345 1182
1346 49
1346 126
1346 173
1346 99
1346 312
1347 1288
1347 1344
1347 1223
1347 1226
1347 1286
1348 1288
1348 1286
1348 1379
1348 1393
1348 765
1349 1379
1349 1288
1349 1393
1349 1286
1349 1475
1350 1373
1350 334
1350 774
1350 1182
1350 1460
1351 1288
1351 1344
1351 1286
1351 1306
1351 1223
1352 1288
1352 1226
1352 1286
1352 1379
1352 765
1353 1226
1353 1227
1353 1288
1353 1314
1353 1379
1354 996
1354 798
1354 1286
1354 1288
1354 1344
1355 1288
1355 1286
1355 1344
1355 1226
1355 1379
1356 334
1356 1373
1356 774
1356 1182
1356 1226
1357 1373
1357 334
1357 774
1357 869
1357 1336
1358 1288
1358 1226
1358 334
1358 1373
1358 1392
1359 1226
1359 1288
1359 1379
1359 1286
1359 1227
1360 1373
1360 334
1360 1336
1360 774
1360 1605
1361 1226
1361 1227
1361 1288
1361 1379
1361 1314
1362 1373
1362 1288
1362 1344
1362 334
1362 1223
1363 1226
1363 1288
1363 1286
1363 1379
1363 1344
1364 1288
1364 1226
1364 1379
1364 1286
1364 1314
1365 1288
1365 1226
1365 1286
1365 1379
1365 1344
1366 49
1366 126
1366 173
1366 97
1366 99
1367 334
1367 1226
1367 1373
1367 774
1367 1182
1368 1226
1368 334
1368 1288
1368 1392
1368 1373
1369 1226
1369 334
1369 1288
1369 1373
1369 1392
1370 334
1370 1373
1370 774
1370 1182
1370 1460
1371 1288
1371 1286
1371 1379
1371 1226
1371 1393
1372 1288
1372 1226
1372 1286
1372 1344
1372 1379
1373 334
1373 869
1373 774
1373 1336
1373 1182
1374 798
1374 996
1374 1286
1374 998
1374 1393
1375 1288
1375 1226
1375 1344
1375 334
1375 1392
1376 334
1376 1226
1376 1373
1376 774
1376 1182
1377 438
1377 869
1377 1227
1377 1240
1377 1226
1378 1227
1378 1226
1378 1150
1378 1314
1378 1240
1379 1288
1379 1226
1379 1286
1379 1393
1379 1475
1380 1288
1380 1379
1380 1226
1380 1286
1380 1393
1381 1226
1381 1227
1381 438
1381 334
1381 869
1382 1226
1382 1227
1382 1288
1382 1314
1382 1379
1383 1288
1383 1226
1383 1286
1383 1344
1383 1379
1384 334
1384 869
1384 1373
1384 438
1384 774
1385 1226
1385 334
1385 1227
1385 1392
1385 1373
1386 334
1386 1373
1386 869
1386 774
1386 1336
1387 1373
1387 334
1387 774
1387 1460
1387 1182
1388 49
1388 126
1388 173
1388 99
1388 317
1389 1288
1389 1226
1389 1344
1389 1286
1389 1379
1390 1288
1390 1286
1390 1226
1390 1379
1390 1344
1391 1373
1391 334
1391 1336
1391 774
1391 1460
1392 1226
1392 1288
1392 1286
1392 1379
1392 1344
1393 1379
1393 1288
1393 1286
1393 1475
1393 1226
1394 1288
1394 1226
1394 1379
1394 1286
1394 1393
1395 49
1395 126
1395 173
1395 99
1395 97
1396 334
1396 869
1396 438
1396 1373
1396 1226
1397 1226
1397 1288
1397 1227
1397 1379
1397 1314
1398 1288
1398 1226
1398 1379
1398 1286
1398 1393
1399 1563
1399 1526
1399 798
1399 1316
1399 1547
1400 1226
1400 1288
1400 334
1400 1392
1400 1227
1401 1288
1401 1226
1401 1286
1401 1344
1401 1379
1402 1226
1402 1227
1402 1314
1402 1288
1402 1379
1403 49
1403 126
1403 173
1403 97
1403 99
1404 1088
1404 1393
1404 1475
1404 1379
1404 1427
1405 1288
1405 996
1405 1344
1405 1286
1405 798
1406 438
1406 869
1406 334
1406 1227
1406 387
1407 996
1407 1288
1407 1286
1407 798
1407 1344
1408 1288
1408 1226
1408 1286
1408 1379
1408 1344
1409 49
1409 173
1409 126
1409 97
1409 317
1410 1288
1410 1286
1410 1379
1410 1226
1410 765
1411 1288
1411 1226
1411 1344
1411 1286
1411 1392
1412 1288
1412 1226
1412 1286
1412 1344
1412 1379
1413 1288
1413 1286
1413 1379
1413 1226
1413 1393
1414 1288
1414 1286
1414 996
1414 1379
1414 1393
1415 1288
1415 1226
1415 1286
1415 1379
1415 765
1416 1344
1416 1617
1416 1288
1416 1306
1416 1223
1417 1288
1417 1226
1417 1286
1417 1344
1417 1379
1418 1286
1418 996
1418 1288
1418 798
1418 1393
1419 1226
1419 1288
1419 1379
1419 1286
1419 1314
1420 49
1420 126
1420 173
1420 99
1420 317
1421 1288
1421 1226
1421 334
1421 1373
1421 1344
1422 869
1422 438
1422 334
1422 1373
1422 1662
1423 1288
1423 1379
1423 1286
1423 1393
1423 1226
1424 1373
1424 1344
1424 1460
1424 1223
1424 1288
1425 49
1425 1268
1425 126
1425 312
1425 99
1426 869
1426 1373
1426 438
1426 1605
1426 334
1427 1088
1427 760
1427 1393
1427 1475
1427 1142
1428 1288
1428 1286
1428 1379
1428 1393
1428 1226
1429 1226
1429 1288
1429 1379
1429 1286
1429 1314
1430 1344
1430 1617
1430 1223
1430 1288
1430 1460
1431 1288
1431 1379
1431 1286
1431 1226
1431 1393
1432 869
1432 438
1432 334
1432 1373
1432 387
1433 869
1433 383
1433 1268
1433 438
1433 1619
1434 1226
1434 1227
1434 1288
1434 1379
1434 1314
1435 1226
1435 1288
1435 1379
1435 1286
1435 1314
1436 869
1436 438
1436 334
1436 1373
1436 1662
1437 1373
1437 334
1437 1288
1437 1182
1437 774
1438 49
1438 173
1438 126
1438 97
1438 317
1439 1288
1439 1286
1439 1379
1439 1226
1439 1393
1440 1344
1440 1617
1440 1460
1440 1373
1440 1223
1441 1379
1441 1393
1441 1288
1441 1286
1441 1475
1442 1619
1442 383
1442 1026
1442 1605
1442 1373
1443 1226
1443 1288
1443 1379
1443 1227
1443 1314
1444 1288
1444 1286
1444 1344
1444 996
1444 1226
1445 1288
1445 1286
1445 1344
1445 1226
1445 1379
1446 1226
1446 1288
1446 334
1446 1392
1446 1373
1447 49
1447 126
1447 173
1447 97
1447 99
1448 49
1448 126
1448 173
1448 97
1448 99
1449 1288
1449 1344
1449 1226
1449 334
1449 1223
1450 1427
1450 1088
1450 173
1450 97
1450 49
1451 1344
1451 1288
1451 1223
1451 1617
1451 1460
1452 1373
1452 334
1452 1288
1452 774
1452 1182
1453 869
1453 1373
1453 438
1453 334
1453 1605
1454 1373
1454 334
1454 774
1454 1182
1454 1460
1455 1288
1455 1226
1455 1286
1455 1379
1455 1344
1456 1288
1456 1226
1456 1286
1456 1344
1456 1379
1457 1288
1457 1286
1457 1344
1457 1226
1457 1379
1458 1288
1458 1286
1458 1226
1458 1379
1458 1344
1459 1288
1459 1226
1459 1286
1459 1344
1459 1379
1460 1373
1460 334
1460 774
1460 1182
1460 1223
1461 1373
1461 334
1461 774
1461 1182
1461 1460
1462 1226
1462 1288
1462 1379
1462 1286
1462 1314
1463 1288
1463 1286
1463 1226
1463 1344
1463 1379
1464 1288
1464 1226
1464 1286
1464 1379
1464 1344
1465 49
1465 1268
1465 126
1465 383
1465 312
1466 49
1466 126
1466 173
1466 99
1466 312
1467 1286
1467 1288
1467 996
1467 1393
1467 1379
1468 869
1468 438
1468 334
1468 387
1468 362
1469 1373
1469 334
1469 1336
1469 1605
1469 1460
1470 334
1470 1373
1470 774
1470 1182
1470 1226
1471 869
1471 1373
1471 334
1471 1605
1471 1336
1472 334
1472 1226
1472 1373
1472 774
1472 1182
1473 1226
1473 1288
1473 1392
1473 1286
1473 1379
1474 1393
1474 1475
1474 1379
1474 1088
1474 1286
1475 1379
1475 1288
1475 1393
1475 1286
1475 1226
1476 1226
1476 1288
1476 1286
1476 1379
1476 1314
1477 1288
1477 1286
1477 1379
1477 1226
1477 1393
1478 1288
1478 1226
1478 1286
1478 1379
1478 1393
1479 1288
1479 1286
1479 1226
1479 1379
1479 1393
1480 1288
1480 1226
1480 1379
1480 1286
1480 1393
1481 1226
1481 1288
1481 1379
1481 1286
1481 1314
1482 1288
1482 1286
1482 1226
1482 1379
1482 765
1483 334
1483 1373
1483 774
1483 1182
1483 1460
1484 1288
1484 1226
1484 1286
1484 1379
1484 765
1485 1288
1485 1226
1485 1344
1485 1286
1485 1392
1486 1288
1486 1226
1486 1344
1486 1286
1486 1392
1487 334
1487 1373
1487 774
1487 869
1487 1182
1488 334
1488 869
1488 438
1488 1226
1488 1227
1489 1226
1489 1227
1489 334
1489 1288
1489 1341
1490 1088
1490 1427
1490 760
1490 1393
1490 1142
1491 1288
1491 1226
1491 1286
1491 1379
1491 1344
1492 1226
1492 1288
1492 1379
1492 1286
1492 1393
1493 1288
1493 1286
1493 1344
1493 1226
1493 1379
1494 1344
1494 1288
1494 1223
1494 1617
1494 1306
1495 1288
1495 1286
1495 1226
1495 1379
1495 1393
1496 1226
1496 1288
1496 1286
1496 1379
1496 1344
1497 1288
1497 1226
1497 1344
1497 334
1497 1392
1498 1393
1498 1475
1498 1379
1498 1286
1498 1088
1499 49
1499 126
1499 173
1499 99
1499 312
1500 1288
1500 1286
1500 1379
1500 1393
1500 765
1501 869
1501 1373
1501 334
1501 438
1501 1336
1502 49
1502 173
1502 126
1502 97
1502 317
1503 334
1503 1373
1503 1226
1503 774
1503 1182
1504 1288
1504 1286
1504 1226
1504 1379
1504 765
1505 1373
1505 334
1505 1460
1505 774
1505 1336
1506 1226
1506 1288
1506 1286
1506 1392
1506 1379
1507 334
1507 1373
1507 1226
1507 774
1507 1182
1508 334
1508 1373
1508 1226
1508 774
1508 1182
1509 334
1509 1373
1509 1226
1509 774
1509 1182
1510 1286
1510 1393
1510 1288
1510 1379
1510 996
1511 49
1511 173
1511 126
1511 97
1511 317
1512 1226
1512 334
1512 1288
1512 1227
1512 1392
1513 1088
1513 1427
1513 760
1513 1393
1513 1142
1514 1373
1514 334
1514 774
1514 1460
1514 1182
1515 49
1515 126
1515 173
1515 99
1515 97
1516 438
1516 869
1516 1240
1516 387
1516 1230
1517 1288
1517 1286
1517 1344
1517 996
1517 1226
1518 1288
1518 1344
1518 1286
1518 996
1518 798
1519 1226
1519 1288
1519 1379
1519 1286
1519 1227
1520 1226
1520 1288
1520 1227
1520 1379
1520 1314
1521 1373
1521 334
1521 1288
1521 774
1521 1182
1522 1288
1522 1286
1522 1344
1522 996
1522 798
1523 1373
1523 334
1523 1344
1523 1288
1523 1460
1524 869
1524 438
1524 1373
1524 1662
1524 1605
1525 1226
1525 1288
1525 1286
1525 1344
1525 1392
1526 1373
1526 1460
1526 1316
1526 1617
1526 334
1527 334
1527 1226
1527 1373
1527 774
1527 1182
1528 49
1528 126
1528 173
1528 99
1528 97
1529 1288
1529 1226
1529 1286
1529 1379
1529 1344
1530 1288
1530 1344
1530 1226
1530 1286
1530 1223
1531 869
1531 438
1531 1373
1531 1662
1531 362
1532 1288
1532 1344
1532 1286
1532 1226
1532 1306
1533 1373
1533 334
1533 869
1533 774
1533 1336
1534 1373
1534 334
1534 774
1534 1182
1534 1460
1535 869
1535 334
1535 438
1535 1373
1535 1336
1536 1344
1536 1617
1536 1316
1536 1081
1536 1223
1537 1226
1537 1288
1537 1286
1537 1392
1537 1379
1538 334
1538 1373
1538 869
1538 774
1538 1336
1539 49
1539 126
1539 312
1539 99
1539 173
1540 1288
1540 1226
1540 1344
1540 334
1540 1392
1541 1226
1541 1288
1541 334
1541 1392
1541 1344
1542 334
1542 1373
1542 869
1542 774
1542 1182
1543 1344
1543 1288
1543 1223
1543 1617
1543 1460
1544 1226
1544 1288
1544 1286
1544 1379
1544 1344
1545 1226
1545 1288
1545 1379
1545 1286
1545 1314
1546 1226
1546 1288
1546 1392
1546 1286
1546 1344
1547 1373
1547 334
1547 1336
1547 1460
1547 1605
1548 869
1548 438
1548 362
1548 334
1548 1662
1549 334
1549 1373
1549 869
1549 1226
1549 774
1550 1379
1550 1393
1550 1288
1550 1286
1550 1475
1551 1288
1551 1286
1551 1393
1551 1379
1551 996
1552 1288
1552 1286
1552 1226
1552 1344
1552 1379
1553 869
1553 438
1553 362
1553 334
1553 387
1554 334
1554 1226
1554 1373
1554 774
1554 1182
1555 1288
1555 1226
1555 1286
1555 1379
1555 1344
1556 334
1556 1373
1556 774
1556 1182
1556 1460
1557 49
1557 126
1557 173
1557 97
1557 99
1558 1286
1558 1288
1558 996
1558 798
1558 1393
1559 869
1559 438
1559 334
1559 387
1559 1373
1560 1226
1560 1288
1560 1227
1560 1379
1560 1392
1561 1288
1561 1226
1561 1344
1561 1286
1561 1392
1562 1226
1562 334
1562 1227
1562 1373
1562 1392
1563 1344
1563 1288
1563 996
1563 1286
1563 798
1564 869
1564 334
1564 1373
1564 438
1564 774
1565 1286
1565 1288
1565 1393
1565 996
1565 1379
1566 1373
1566 1460
1566 1617
1566 1316
1566 1223
1567 1373
1567 334
1567 774
1567 1182
1567 1460
1568 1288
1568 1226
1568 1286
1568 1379
1568 1344
1569 1288
1569 1286
1569 1226
1569 1379
1569 765
1570 1288
1570 1286
1570 1226
1570 1344
1570 1379
1571 869
1571 438
1571 334
1571 1373
1571 1336
1572 1226
1572 1288
1572 1379
1572 1227
1572 1314
1573 1288
1573 1344
1573 1226
1573 334
1573 1373
1574 869
1574 1373
1574 334
1574 438
1574 1605
1575 1373
1575 334
1575 1460
1575 1344
1575 1223
1576 334
1576 1226
1576 1373
1576 774
1576 1182
1577 1288
1577 1344
1577 1286
1577 1226
1577 1306
1578 869
1578 1373
1578 334
1578 1336
1578 1605
1579 1288
1579 1344
1579 1226
1579 334
1579 1373
1580 1286
1580 1288
1580 1393
1580 1379
1580 996
1581 1373
1581 1460
1581 334
1581 1223
1581 774
1582 1373
1582 334
1582 774
1582 1460
1582 1182
1583 869
1583 438
1583 362
1583 1230
1583 1662
1584 1288
1584 996
1584 1286
1584 798
1584 1344
1585 1373
1585 334
1585 869
1585 774
1585 1336
1586 1288
1586 1226
1586 1344
1586 1286
1586 1392
1587 1288
1587 1226
1587 1286
1587 1344
1587 1379
1588 1619
1588 383
1588 1268
1588 1026
1588 1547
1589 1373
1589 334
1589 774
1589 1182
1589 1460
1590 334
1590 1373
1590 869
1590 774
1590 1336
1591 334
1591 1373
1591 869
1591 774
1591 1336
1592 1288
1592 1286
1592 1379
1592 1226
1592 1393
1593 1373
1593 334
1593 774
1593 1460
1593 1182
1594 1288
1594 1226
1594 1344
1594 1286
1594 1392
1595 1373
1595 334
1595 1336
1595 1460
1595 774
1596 1088
1596 1427
1596 760
1596 1393
1596 998
1597 49
1597 126
1597 173
1597 99
1597 317
1598 49
1598 126
1598 173
1598 99
1598 97
1599 1393
1599 1286
1599 996
1599 798
1599 1288
1600 1288
1600 1286
1600 1344
1600 1226
1600 1379
1601 1288
1601 1344
1601 1286
1601 1226
1601 1306
1602 1288
1602 1286
1602 1379
1602 996
1602 1393
1603 1288
1603 1286
1603 996
1603 1393
1603 1379
1604 49
1604 126
1604 173
1604 99
1604 97
1605 869
1605 1373
1605 334
1605 438
1605 1336
1606 1288
1606 1226
1606 1286
1606 1379
1606 1344
1607 1288
1607 1226
1607 1286
1607 1379
1607 1314
1608 1226
1608 1288
1608 1227
1608 1392
1608 1379
1609 1288
1609 1226
1609 1344
1609 1286
1609 1392
1610 1226
1610 1288
1610 1392
1610 334
1610 1227
1611 334
1611 1226
1611 1373
1611 774
1611 1392
1612 869
1612 334
1612 1373
1612 438
1612 774
1613 334
1613 1373
1613 774
1613 1182
1613 1288
1614 1226
1614 1288
1614 1379
1614 1286
1614 1314
1615 334
1615 1373
1615 774
1615 1182
1615 1226
1616 869
1616 1373
1616 334
1616 1605
1616 438
1617 1373
1617 1344
1617 1288
1617 334
1617 1223
1618 1288
1618 1226
1618 1286
1618 1344
1618 1379
1619 1268
1619 383
1619 66
1619 869
1619 1104
1620 1288
1620 1226
1620 1286
1620 1379
1620 1344
1621 1373
1621 334
1621 1288
1621 1344
1621 1182
1622 334
1622 1226
1622 869
1622 1227
1622 438
1623 1226
1623 1288
1623 1379
1623 1286
1623 1314
1624 1226
1624 1288
1624 1286
1624 1379
1624 1314
1625 1288
1625 1226
1625 1286
1625 1379
1625 1344
1626 1288
1626 1226
1626 1286
1626 1344
1626 1379
1627 1288
1627 1344
1627 1223
1627 1286
1627 1306
1628 49
1628 126
1628 173
1628 99
1628 97
1629 1373
1629 1460
1629 1344
1629 334
1629 1223
1630 1344
1630 1373
1630 1460
1630 1223
1630 1617
1631 1373
1631 334
1631 1460
1631 1336
1631 774
1632 334
1632 1373
1632 774
1632 1182
1632 1460
1633 1288
1633 1226
1633 1286
1633 1344
1633 1379
1634 1288
1634 1226
1634 1344
1634 1392
1634 334
1635 334
1635 1373
1635 774
1635 1226
1635 1182
1636 1226
1636 1288
1636 334
1636 1373
1636 1392
1637 1288
1637 1344
1637 1286
1637 1226
1637 1379
1638 49
1638 173
1638 126
1638 317
1638 97
1639 1288
1639 1226
1639 334
1639 1373
1639 1344
1640 1226
1640 1288
1640 334
1640 1392
1640 1344
1641 1373
1641 1344
1641 1460
1641 1617
1641 1223
1642 798
1642 996
1642 998
1642 1393
1642 760
1643 1288
1643 1286
1643 1379
1643 1226
1643 1344
1644 1373
1644 334
1644 869
1644 774
1644 1336
1645 1226
1645 1288
1645 334
1645 1392
1645 1182
1646 1288
1646 1286
1646 1344
1646 1226
1646 1379
1647 1226
1647 1288
1647 334
1647 1392
1647 1182
1648 1288
1648 1344
1648 1286
1648 996
1648 798
1649 1226
1649 1227
1649 334
1649 438
1649 869
1650 1288
1650 1344
1650 1286
1650 996
1650 1306
1651 1226
1651 1288
1651 334
1651 1392
1651 1373
1652 1373
1652 1605
1652 1026
1652 1336
1652 1619
1653 1373
1653 334
1653 1460
1653 774
1653 1223
1654 1344
1654 1288
1654 1223
1654 1617
1654 1306
1655 1344
1655 1288
1655 1223
1655 1617
1655 1460
1656 334
1656 1373
1656 1288
1656 774
1656 1182
1657 1226
1657 1288
1657 1392
1657 1286
1657 1379
1658 1288
1658 1286
1658 1226
1658 1379
1658 765
1659 1344
1659 1288
1659 1286
1659 996
1659 1306
1660 1286
1660 1288
1660 1393
1660 996
1660 1379
1661 1373
1661 334
1661 774
1661 1460
1661 1182
1662 869
1662 438
1662 362
1662 334
1662 1373
1663 1288
1663 1344
1663 1286
1663 1223
1663 1306
1664 1373
1664 869
1664 1605
1664 1336
1664 334
1665 334
1665 1373
1665 869
1665 774
1665 1182
1666 1373
1666 334
1666 774
1666 1336
1666 1460
1667 869
1667 438
1667 334
1667 1373
1667 387
1668 869
1668 438
1668 334
1668 1373
1668 387
1669 1288
1669 1286
1669 1226
1669 1379
1669 1393
1670 1288
1670 1226
1670 1286
1670 1379
1670 765
1671 1288
1671 1286
1671 1226
1671 1379
1671 1344
1672 1288
1672 1226
1672 1286
1672 1379
1672 1344
1673 1288
1673 1226
1673 1286
1673 1344
1673 1379
1674 1226
1674 1288
1674 1286
1674 1379
1674 1392
1675 1288
1675 1286
1675 1344
1675 1226
1675 1379
1676 1373
1676 334
1676 869
1676 1336
1676 774
1677 334
1677 1373
1677 774
1677 1182
1677 1226
1678 869
1678 438
1678 1373
1678 334
1678 1336
1679 1288
1679 1344
1679 1286
1679 1226
1679 996
1680 1288
1680 1286
1680 1344
1680 1226
1680 1379
1681 1288
1681 1344
1681 1286
1681 1226
1681 1306
