0 550
0 746
0 415
0 531
0 591
1 746
1 550
1 415
1 591
1 473
2 550
2 746
2 415
2 531
2 471
3 518
3 299
3 305
3 924
3 753
4 550
4 746
4 415
4 531
4 471
5 550
5 746
5 415
5 531
5 471
6 550
6 746
6 415
6 531
6 471
7 746
7 550
7 415
7 591
7 473
8 550
8 746
8 415
8 531
8 471
9 550
9 746
9 415
9 531
9 591
10 550
10 746
10 415
10 531
10 591
11 550
11 415
11 746
11 531
11 471
12 550
12 415
12 746
12 531
12 471
13 550
13 746
13 415
13 531
13 471
14 550
14 415
14 531
14 471
14 746
15 550
15 746
15 415
15 531
15 591
16 821
16 107
16 574
16 651
16 878
17 550
17 746
17 415
17 531
17 471
18 518
18 123
18 924
18 132
18 632
19 746
19 550
19 415
19 591
19 473
20 550
20 746
20 415
20 531
20 471
21 550
21 746
21 415
21 591
21 531
22 550
22 746
22 415
22 531
22 471
23 550
23 746
23 415
23 531
23 471
24 550
24 746
24 415
24 591
24 473
25 473
25 746
25 591
25 715
25 456
26 518
26 924
26 632
26 570
26 106
27 746
27 473
27 591
27 550
27 415
28 550
28 415
28 531
28 746
28 471
29 746
29 473
29 591
29 550
29 415
30 550
30 471
30 415
30 531
30 746
31 550
31 415
31 746
31 531
31 471
32 518
32 924
32 753
32 632
32 276
33 518
33 924
33 426
33 276
33 299
34 821
34 574
34 113
34 107
34 878
35 518
35 924
35 299
35 276
35 426
36 550
36 415
36 746
36 531
36 471
37 550
37 415
37 746
37 471
37 531
38 550
38 746
38 415
38 591
38 531
39 518
39 924
39 753
39 276
39 171
40 550
40 746
40 415
40 591
40 473
41 550
41 746
41 415
41 531
41 591
42 550
42 746
42 415
42 531
42 591
43 550
43 746
43 415
43 591
43 531
44 550
44 415
44 746
44 531
44 471
45 821
45 107
45 574
45 113
45 878
46 518
46 924
46 684
46 426
46 60
47 746
47 550
47 415
47 473
47 591
48 550
48 415
48 746
48 531
48 471
49 651
49 299
49 821
49 107
49 854
50 746
50 473
50 550
50 591
50 415
51 746
51 550
51 415
51 591
51 473
52 746
52 550
52 415
52 591
52 471
53 550
53 415
53 531
53 471
53 746
54 550
54 746
54 415
54 531
54 591
55 550
55 746
55 415
55 531
55 591
56 550
56 746
56 415
56 531
56 591
57 550
57 746
57 415
57 591
57 531
58 550
58 746
58 415
58 531
58 471
59 550
59 746
59 415
59 531
59 471
60 518
60 924
60 299
60 684
60 426
61 550
61 746
61 415
61 591
61 473
62 518
62 924
62 299
62 426
62 276
63 550
63 746
63 415
63 591
63 531
64 550
64 746
64 415
64 531
64 471
65 550
65 415
65 531
65 471
65 746
66 821
66 574
66 113
66 107
66 878
67 473
67 746
67 591
67 715
67 456
68 550
68 746
68 415
68 591
68 473
69 746
69 550
69 473
69 415
69 591
70 550
70 746
70 415
70 591
70 473
71 550
71 746
71 415
71 531
71 471
72 550
72 415
72 746
72 531
72 471
73 550
73 746
73 415
73 591
73 473
74 550
74 746
74 415
74 531
74 471
75 550
75 746
75 415
75 531
75 591
76 550
76 415
76 746
76 531
76 471
77 550
77 415
77 531
77 471
77 53
78 550
78 415
78 746
78 531
78 471
79 550
79 415
79 746
79 531
79 471
80 746
80 473
80 550
80 591
80 415
81 550
81 415
81 746
81 531
81 471
82 550
82 746
82 415
82 591
82 531
83 550
83 746
83 415
83 531
83 471
84 550
84 415
84 746
84 531
84 471
85 518
85 924
85 299
85 276
85 753
86 550
86 746
86 415
86 531
86 591
87 518
87 924
87 753
87 171
87 276
88 550
88 746
88 415
88 531
88 471
89 550
89 746
89 415
89 531
89 471
90 550
90 746
90 415
90 591
90 531
91 550
91 746
91 415
91 531
91 591
92 518
92 924
92 276
92 426
92 753
93 550
93 746
93 415
93 531
93 471
94 550
94 746
94 415
94 531
94 471
95 550
95 746
95 415
95 531
95 591
96 550
96 746
96 415
96 531
96 591
97 746
97 550
97 415
97 591
97 473
98 550
98 746
98 415
98 591
98 473
99 123
99 132
99 53
99 226
99 550
100 518
100 924
100 753
100 171
100 134
101 518
101 924
101 753
101 171
101 276
102 518
102 924
102 299
102 276
102 426
103 746
103 550
103 415
103 473
103 591
104 550
104 415
104 531
104 471
104 746
105 550
105 415
105 746
105 531
105 471
106 518
106 924
106 632
106 753
106 171
107 821
107 574
107 113
107 878
107 559
108 550
108 746
108 415
108 531
108 471
109 123
109 518
109 132
109 53
109 570
110 746
110 550
110 415
110 473
110 591
111 550
111 415
111 746
111 531
111 471
112 550
112 746
112 415
112 531
112 471
113 746
113 473
113 591
113 715
113 456
114 550
114 415
114 746
114 531
114 471
115 550
115 415
115 746
115 531
115 471
116 746
116 550
116 415
116 473
116 591
117 550
117 746
117 415
117 531
117 471
118 550
118 415
118 746
118 531
118 471
119 550
119 746
119 415
119 591
119 531
120 746
120 550
120 415
120 591
120 473
121 550
121 746
121 415
121 531
121 591
122 550
122 746
122 415
122 591
122 531
123 132
123 53
123 226
123 550
123 482
124 550
124 746
124 415
124 531
124 471
125 518
125 924
125 299
125 276
125 426
126 821
126 107
126 574
126 113
126 878
127 550
127 746
127 415
127 531
127 471
128 518
128 924
128 426
128 632
128 276
129 550
129 415
129 746
129 531
129 471
130 550
130 415
130 531
130 471
130 746
131 821
131 574
131 113
131 107
131 746
132 550
132 415
132 471
132 531
132 746
133 550
133 415
133 746
133 531
133 471
134 570
134 518
134 318
134 106
134 204
135 746
135 550
135 415
135 473
135 591
136 550
136 746
136 415
136 531
136 471
137 746
137 550
137 415
137 591
137 473
138 821
138 107
138 651
138 574
138 878
139 821
139 107
139 574
139 113
139 878
140 550
140 746
140 415
140 531
140 471
141 550
141 415
141 746
141 531
141 471
142 550
142 415
142 746
142 531
142 471
143 550
143 415
143 746
143 531
143 471
144 550
144 746
144 415
144 531
144 471
145 813
145 821
145 281
145 305
145 204
146 473
146 746
146 591
146 715
146 550
147 550
147 746
147 415
147 531
147 591
148 821
148 574
148 113
148 107
148 559
149 746
149 550
149 415
149 591
149 471
150 550
150 746
150 415
150 531
150 471
151 550
151 746
151 415
151 531
151 471
152 550
152 746
152 415
152 591
152 531
153 550
153 746
153 415
153 531
153 471
154 821
154 813
154 651
154 305
154 107
155 550
155 746
155 415
155 531
155 471
156 550
156 746
156 415
156 591
156 473
157 550
157 746
157 415
157 531
157 471
158 550
158 746
158 415
158 531
158 471
159 550
159 746
159 415
159 531
159 471
160 550
160 746
160 415
160 591
160 531
161 518
161 924
161 632
161 570
161 106
162 821
162 651
162 107
162 691
162 878
163 550
163 746
163 415
163 531
163 471
164 550
164 746
164 415
164 591
164 531
165 550
165 746
165 415
165 531
165 471
166 746
166 550
166 415
166 591
166 473
167 550
167 746
167 415
167 531
167 591
168 746
168 550
168 415
168 591
168 473
169 550
169 415
169 531
169 471
169 746
170 473
170 746
170 591
170 715
170 456
171 518
171 924
171 753
171 276
171 299
172 550
172 415
172 531
172 746
172 471
173 550
173 746
173 415
173 531
173 471
174 550
174 415
174 746
174 531
174 471
175 550
175 746
175 415
175 591
175 531
176 746
176 550
176 473
176 591
176 415
177 550
177 746
177 415
177 591
177 531
178 550
178 415
178 531
178 471
178 746
179 550
179 746
179 415
179 531
179 471
180 550
180 746
180 415
180 591
180 473
181 746
181 550
181 415
181 591
181 473
182 746
182 473
182 591
182 550
182 715
183 550
183 746
183 415
183 531
183 471
184 550
184 415
184 531
184 471
184 746
185 550
185 415
185 746
185 531
185 471
186 550
186 415
186 746
186 531
186 471
187 550
187 415
187 746
187 531
187 471
188 550
188 746
188 415
188 531
188 471
189 550
189 746
189 415
189 531
189 591
190 473
190 746
190 591
190 715
190 456
191 821
191 574
191 113
191 107
191 559
192 746
192 473
192 550
192 591
192 415
193 746
193 550
193 415
193 591
193 473
194 746
194 550
194 415
194 591
194 473
195 746
195 550
195 591
195 473
195 415
196 550
196 415
196 746
196 531
196 471
197 550
197 746
197 415
197 531
197 591
198 746
198 473
198 550
198 591
198 415
199 550
199 746
199 415
199 531
199 471
200 550
200 746
200 415
200 531
200 471
201 518
201 924
201 684
201 426
201 299
202 746
202 473
202 550
202 415
202 591
203 550
203 415
203 746
203 531
203 471
204 134
204 518
204 281
204 753
204 318
205 550
205 311
205 471
205 12
205 415
206 550
206 415
206 746
206 531
206 471
207 550
207 746
207 415
207 471
207 531
208 550
208 415
208 746
208 531
208 471
209 550
209 746
209 415
209 531
209 591
210 550
210 746
210 415
210 531
210 591
211 746
211 550
211 415
211 591
211 473
212 550
212 746
212 415
212 531
212 471
213 550
213 746
213 415
213 531
213 471
214 746
214 550
214 415
214 591
214 473
215 550
215 746
215 415
215 591
215 531
216 746
216 550
216 473
216 591
216 415
217 550
217 415
217 746
217 531
217 471
218 746
218 550
218 415
218 591
218 473
219 550
219 415
219 531
219 471
219 746
220 550
220 746
220 415
220 591
220 531
221 550
221 746
221 415
221 531
221 591
222 550
222 746
222 415
222 531
222 471
223 550
223 746
223 415
223 531
223 591
224 550
224 415
224 746
224 531
224 471
225 550
225 415
225 531
225 471
225 746
226 550
226 415
226 531
226 471
226 746
227 518
227 924
227 299
227 276
227 753
228 518
228 684
228 924
228 60
228 201
229 550
229 746
229 415
229 591
229 531
230 518
230 684
230 924
230 201
230 60
231 550
231 746
231 415
231 531
231 591
232 550
232 746
232 415
232 531
232 591
233 550
233 746
233 415
233 531
233 471
234 550
234 415
234 746
234 531
234 471
235 550
235 746
235 415
235 591
235 473
236 550
236 415
236 746
236 531
236 471
237 550
237 415
237 471
237 531
237 746
238 550
238 746
238 415
238 531
238 471
239 746
239 550
239 415
239 473
239 591
240 53
240 570
240 226
240 132
240 123
241 550
241 471
241 415
241 531
241 587
242 550
242 415
242 746
242 531
242 471
243 550
243 746
243 415
243 531
243 471
244 518
244 924
244 632
244 570
244 106
245 550
245 746
245 415
245 531
245 471
246 550
246 415
246 471
246 531
246 746
247 550
247 415
247 746
247 531
247 471
248 550
248 746
248 415
248 531
248 591
249 550
249 746
249 415
249 531
249 591
250 550
250 415
250 746
250 531
250 471
251 746
251 473
251 591
251 550
251 415
252 550
252 746
252 415
252 531
252 471
253 550
253 415
253 746
253 531
253 471
254 550
254 746
254 415
254 471
254 531
255 550
255 746
255 415
255 531
255 471
256 550
256 746
256 415
256 531
256 591
257 550
257 415
257 531
257 746
257 471
258 746
258 473
258 591
258 550
258 715
259 518
259 924
259 299
259 276
259 426
260 550
260 746
260 415
260 471
260 531
261 821
261 574
261 113
261 746
261 107
262 550
262 746
262 415
262 531
262 471
263 550
263 746
263 415
263 531
263 591
264 550
264 746
264 415
264 531
264 591
265 518
265 924
265 684
265 299
265 259
266 550
266 746
266 415
266 531
266 591
267 550
267 415
267 746
267 531
267 471
268 550
268 746
268 415
268 531
268 471
269 550
269 415
269 746
269 531
269 471
270 550
270 746
270 415
270 531
270 591
271 550
271 746
271 415
271 531
271 471
272 518
272 123
272 132
272 924
272 632
273 550
273 746
273 415
273 531
273 471
274 518
274 924
274 426
274 299
274 276
275 550
275 746
275 415
275 531
275 591
276 518
276 924
276 299
276 753
276 426
277 550
277 746
277 415
277 531
277 591
278 550
278 415
278 746
278 471
278 531
279 550
279 415
279 746
279 531
279 471
280 550
280 746
280 415
280 591
280 531
281 518
281 753
281 924
281 299
281 171
282 746
282 550
282 473
282 415
282 591
283 473
283 746
283 591
283 715
283 456
284 550
284 415
284 531
284 471
284 746
285 550
285 415
285 746
285 471
285 531
286 550
286 746
286 415
286 531
286 591
287 746
287 550
287 473
287 591
287 415
288 518
288 924
288 299
288 753
288 276
289 550
289 746
289 415
289 531
289 591
290 550
290 746
290 415
290 531
290 471
291 550
291 746
291 415
291 531
291 471
292 550
292 746
292 415
292 531
292 591
293 746
293 550
293 415
293 473
293 591
294 550
294 746
294 415
294 531
294 471
295 550
295 746
295 415
295 531
295 591
296 550
296 746
296 415
296 531
296 591
297 550
297 746
297 415
297 531
297 591
298 550
298 746
298 415
298 591
298 531
299 518
299 924
299 276
299 753
299 85
300 550
300 746
300 415
300 531
300 471
301 518
301 924
301 753
301 276
301 426
302 550
302 746
302 415
302 531
302 591
303 550
303 415
303 746
303 531
303 471
304 550
304 746
304 415
304 531
304 471
305 518
305 924
305 299
305 753
305 276
306 550
306 746
306 415
306 531
306 591
307 550
307 746
307 415
307 531
307 471
308 299
308 305
308 821
308 813
308 651
309 746
309 473
309 550
309 415
309 591
310 550
310 746
310 415
310 531
310 471
311 550
311 746
311 415
311 531
311 471
312 550
312 746
312 415
312 531
312 591
313 550
313 415
313 746
313 471
313 531
314 550
314 746
314 415
314 531
314 471
315 550
315 415
315 746
315 531
315 471
316 550
316 471
316 415
316 531
316 746
317 550
317 746
317 415
317 531
317 591
318 518
318 134
318 753
318 570
318 924
319 550
319 746
319 415
319 531
319 471
320 550
320 746
320 415
320 531
320 591
321 550
321 746
321 415
321 591
321 531
322 550
322 746
322 415
322 531
322 591
323 550
323 746
323 415
323 531
323 471
324 746
324 550
324 415
324 591
324 473
325 550
325 746
325 415
325 531
325 471
326 550
326 415
326 746
326 471
326 531
327 550
327 415
327 746
327 531
327 471
328 746
328 550
328 415
328 591
328 473
329 550
329 746
329 415
329 531
329 471
330 550
330 415
330 746
330 531
330 471
331 550
331 746
331 415
331 531
331 471
332 550
332 415
332 746
332 531
332 471
333 550
333 746
333 415
333 531
333 471
334 550
334 415
334 746
334 471
334 531
335 550
335 415
335 746
335 531
335 471
336 550
336 746
336 415
336 591
336 531
337 550
337 746
337 415
337 531
337 471
338 550
338 746
338 415
338 531
338 471
339 550
339 746
339 415
339 531
339 471
340 518
340 924
340 299
340 276
340 426
341 550
341 746
341 415
341 531
341 471
342 550
342 746
342 415
342 531
342 471
343 550
343 746
343 415
343 591
343 531
344 550
344 746
344 415
344 531
344 471
345 550
345 746
345 415
345 591
345 531
346 550
346 746
346 415
346 531
346 471
347 550
347 415
347 531
347 471
347 746
348 550
348 746
348 415
348 591
348 473
349 746
349 550
349 415
349 591
349 473
350 550
350 415
350 746
350 531
350 471
351 550
351 415
351 746
351 531
351 471
352 550
352 415
352 746
352 531
352 471
353 550
353 415
353 746
353 531
353 471
354 518
354 924
354 632
354 123
354 106
355 518
355 924
355 753
355 171
355 299
356 550
356 746
356 415
356 531
356 471
357 550
357 415
357 746
357 471
357 531
358 746
358 473
358 550
358 591
358 415
359 550
359 746
359 415
359 591
359 531
360 550
360 746
360 415
360 591
360 473
361 550
361 415
361 746
361 531
361 471
362 550
362 746
362 415
362 531
362 591
363 550
363 415
363 746
363 531
363 471
364 746
364 550
364 415
364 591
364 473
365 550
365 746
365 415
365 471
365 531
366 550
366 746
366 415
366 531
366 471
367 550
367 746
367 415
367 531
367 591
368 550
368 746
368 415
368 531
368 591
369 550
369 746
369 415
369 531
369 471
370 550
370 415
370 746
370 531
370 471
371 550
371 415
371 746
371 531
371 471
372 550
372 746
372 415
372 531
372 471
373 550
373 746
373 415
373 531
373 471
374 746
374 473
374 591
374 550
374 415
375 550
375 415
375 471
375 746
375 531
376 550
376 415
376 746
376 531
376 471
377 550
377 746
377 415
377 531
377 591
378 550
378 746
378 415
378 531
378 591
379 746
379 550
379 415
379 473
379 591
380 550
380 746
380 415
380 531
380 591
381 550
381 746
381 415
381 591
381 531
382 550
382 746
382 415
382 591
382 531
383 550
383 415
383 531
383 746
383 471
384 550
384 415
384 746
384 471
384 531
385 550
385 311
385 471
385 746
385 415
386 550
386 746
386 415
386 531
386 591
387 550
387 746
387 415
387 531
387 591
388 550
388 746
388 415
388 531
388 471
389 473
389 746
389 591
389 715
389 550
390 550
390 746
390 415
390 531
390 591
391 550
391 746
391 415
391 531
391 591
392 550
392 415
392 746
392 531
392 471
393 550
393 746
393 415
393 531
393 591
394 746
394 550
394 415
394 591
394 473
395 550
395 415
395 746
395 531
395 471
396 550
396 746
396 415
396 531
396 471
397 550
397 746
397 415
397 531
397 591
398 550
398 415
398 746
398 531
398 471
399 574
399 821
399 473
399 113
399 559
400 550
400 746
400 415
400 591
400 531
401 550
401 746
401 415
401 591
401 531
402 550
402 746
402 415
402 591
402 473
403 550
403 415
403 746
403 531
403 471
404 550
404 746
404 415
404 531
404 471
405 550
405 746
405 415
405 531
405 471
406 550
406 746
406 415
406 591
406 473
407 550
407 746
407 415
407 531
407 591
408 550
408 746
408 415
408 531
408 471
409 746
409 550
409 473
409 591
409 415
410 550
410 415
410 746
410 531
410 471
411 746
411 550
411 473
411 591
411 415
412 746
412 473
412 591
412 550
412 415
413 746
413 550
413 415
413 591
413 473
414 550
414 415
414 746
414 531
414 471
415 550
415 746
415 531
415 471
415 591
416 550
416 746
416 415
416 531
416 471
417 550
417 415
417 471
417 531
417 53
418 550
418 746
418 415
418 591
418 531
419 550
419 746
419 415
419 591
419 531
420 550
420 746
420 415
420 591
420 473
421 473
421 746
421 591
421 715
421 456
422 746
422 550
422 473
422 591
422 415
423 550
423 746
423 415
423 591
423 473
424 746
424 550
424 415
424 591
424 473
425 550
425 746
425 415
425 531
425 591
426 518
426 924
426 299
426 276
426 753
427 746
427 473
427 550
427 591
427 415
428 550
428 746
428 415
428 531
428 471
429 550
429 746
429 415
429 531
429 591
430 123
430 53
430 132
430 226
430 550
431 550
431 746
431 415
431 531
431 471
432 746
432 550
432 473
432 415
432 591
433 550
433 415
433 471
433 746
433 531
434 550
434 746
434 415
434 531
434 471
435 550
435 415
435 746
435 531
435 471
436 550
436 746
436 415
436 531
436 471
437 550
437 415
437 746
437 531
437 471
438 550
438 746
438 415
438 471
438 531
439 123
439 132
439 550
439 518
439 471
440 746
440 550
440 415
440 591
440 473
441 550
441 415
441 531
441 746
441 471
442 746
442 550
442 415
442 591
442 473
443 550
443 415
443 746
443 531
443 471
444 550
444 415
444 746
444 531
444 471
445 311
445 550
445 471
445 746
445 847
446 550
446 746
446 415
446 531
446 591
447 518
447 123
447 132
447 53
447 632
448 550
448 746
448 415
448 531
448 471
449 550
449 746
449 415
449 531
449 471
450 550
450 415
450 531
450 471
450 746
451 550
451 746
451 415
451 531
451 471
452 550
452 746
452 415
452 591
452 473
453 550
453 746
453 415
453 591
453 473
454 550
454 746
454 415
454 531
454 591
455 550
455 746
455 415
455 531
455 471
456 550
456 746
456 415
456 531
456 591
457 550
457 746
457 415
457 531
457 471
458 550
458 746
458 415
458 531
458 591
459 746
459 473
459 591
459 550
459 715
460 518
460 924
460 684
460 201
460 60
461 550
461 746
461 415
461 531
461 591
462 550
462 415
462 746
462 531
462 471
463 550
463 746
463 415
463 591
463 531
464 746
464 550
464 415
464 591
464 473
465 123
465 132
465 53
465 226
465 570
466 550
466 746
466 415
466 531
466 591
467 550
467 746
467 415
467 591
467 531
468 550
468 746
468 415
468 531
468 471
469 550
469 746
469 415
469 591
469 531
470 550
470 746
470 415
470 531
470 471
471 550
471 746
471 415
471 531
471 591
472 550
472 746
472 415
472 531
472 591
473 550
473 746
473 415
473 531
473 591
474 550
474 746
474 415
474 531
474 471
475 746
475 473
475 591
475 550
475 415
476 550
476 415
476 746
476 531
476 471
477 550
477 746
477 415
477 531
477 591
478 550
478 746
478 415
478 591
478 531
479 550
479 415
479 746
479 531
479 471
480 550
480 746
480 415
480 591
480 531
481 746
481 550
481 473
481 591
481 415
482 550
482 415
482 531
482 471
482 746
483 550
483 746
483 415
483 531
483 591
484 518
484 924
484 632
484 570
484 134
485 550
485 415
485 746
485 531
485 471
486 550
486 746
486 415
486 531
486 471
487 550
487 746
487 415
487 531
487 591
488 550
488 415
488 471
488 531
488 746
489 746
489 550
489 473
489 591
489 415
490 746
490 550
490 473
490 591
490 415
491 746
491 550
491 473
491 591
491 415
492 550
492 746
492 415
492 531
492 591
493 550
493 746
493 415
493 591
493 473
494 550
494 746
494 415
494 531
494 471
495 550
495 746
495 415
495 531
495 591
496 550
496 746
496 415
496 531
496 591
497 550
497 415
497 746
497 531
497 471
498 550
498 746
498 415
498 531
498 591
499 550
499 746
499 415
499 591
499 531
500 550
500 415
500 746
500 531
500 471
501 550
501 746
501 415
501 531
501 471
502 550
502 746
502 415
502 531
502 471
503 550
503 746
503 415
503 531
503 591
504 550
504 746
504 415
504 531
504 471
505 550
505 746
505 415
505 531
505 471
506 550
506 415
506 746
506 531
506 471
507 550
507 746
507 415
507 531
507 471
508 550
508 415
508 746
508 531
508 471
509 821
509 574
509 107
509 878
509 113
510 550
510 415
510 531
510 471
510 746
511 550
511 746
511 415
511 531
511 591
512 550
512 746
512 415
512 531
512 591
513 550
513 746
513 415
513 531
513 591
514 550
514 415
514 471
514 531
514 746
515 550
515 746
515 415
515 531
515 471
516 570
516 134
516 53
516 123
516 132
517 550
517 415
517 746
517 531
517 471
518 924
518 426
518 276
518 632
518 753
519 550
519 415
519 531
519 471
519 746
520 550
520 415
520 531
520 471
520 746
521 550
521 746
521 415
521 591
521 531
522 550
522 746
522 415
522 531
522 471
523 550
523 746
523 415
523 531
523 471
524 550
524 746
524 415
524 531
524 471
525 746
525 550
525 415
525 473
525 591
526 550
526 746
526 415
526 531
526 591
527 550
527 415
527 746
527 531
527 471
528 550
528 415
528 531
528 471
528 746
529 550
529 746
529 415
529 591
529 531
530 550
530 415
530 531
530 746
530 471
531 550
531 746
531 415
531 471
531 591
532 550
532 746
532 415
532 531
532 471
533 550
533 746
533 415
533 531
533 471
534 550
534 746
534 415
534 531
534 471
535 550
535 746
535 415
535 531
535 591
536 550
536 415
536 746
536 531
536 471
537 550
537 746
537 415
537 531
537 471
538 550
538 746
538 415
538 531
538 471
539 550
539 415
539 531
539 746
539 471
540 550
540 746
540 415
540 531
540 471
541 550
541 746
541 415
541 531
541 591
542 746
542 550
542 473
542 591
542 415
543 550
543 415
543 531
543 746
543 471
544 550
544 746
544 415
544 531
544 471
545 550
545 415
545 746
545 531
545 471
546 550
546 415
546 531
546 746
546 471
547 550
547 746
547 415
547 531
547 471
548 746
548 473
548 591
548 550
548 715
549 746
549 550
549 415
549 473
549 591
550 746
550 415
550 531
550 471
550 591
551 684
551 299
551 518
551 854
551 259
552 550
552 746
552 415
552 531
552 591
553 550
553 415
553 746
553 531
553 471
554 550
554 415
554 746
554 531
554 471
555 550
555 746
555 415
555 531
555 591
556 550
556 746
556 415
556 531
556 471
557 746
557 550
557 591
557 415
557 473
558 550
558 746
558 415
558 531
558 471
559 746
559 473
559 591
559 550
559 715
560 550
560 746
560 415
560 531
560 471
561 550
561 746
561 415
561 531
561 471
562 746
562 550
562 473
562 591
562 415
563 518
563 924
563 276
563 299
563 753
564 550
564 746
564 415
564 531
564 471
565 550
565 746
565 415
565 531
565 471
566 550
566 746
566 415
566 531
566 471
567 550
567 746
567 415
567 591
567 473
568 550
568 746
568 415
568 531
568 591
569 518
569 123
569 632
569 924
569 132
570 134
570 518
570 632
570 106
570 244
571 550
571 415
571 531
571 471
571 746
572 518
572 924
572 632
572 123
572 426
573 821
573 107
573 574
573 878
573 113
574 473
574 746
574 591
574 715
574 456
575 550
575 415
575 746
575 531
575 471
576 550
576 746
576 415
576 531
576 471
577 550
577 415
577 531
577 746
577 471
578 746
578 550
578 415
578 591
578 473
579 550
579 746
579 415
579 591
579 531
580 550
580 746
580 415
580 531
580 471
581 746
581 550
581 415
581 591
581 473
582 550
582 746
582 415
582 591
582 531
583 473
583 746
583 591
583 715
583 456
584 550
584 415
584 746
584 471
584 531
585 550
585 415
585 746
585 531
585 471
586 550
586 746
586 415
586 531
586 591
587 550
587 746
587 415
587 531
587 471
588 550
588 746
588 415
588 531
588 471
589 550
589 746
589 415
589 531
589 591
590 746
590 550
590 415
590 591
590 473
591 550
591 746
591 415
591 531
591 471
592 550
592 746
592 415
592 531
592 471
593 518
593 924
593 201
593 684
593 60
594 550
594 415
594 746
594 531
594 471
595 550
595 415
595 746
595 531
595 471
596 550
596 746
596 415
596 531
596 591
597 550
597 415
597 531
597 746
597 471
598 550
598 415
598 746
598 531
598 471
599 550
599 746
599 415
599 531
599 471
600 746
600 550
600 415
600 591
600 473
601 550
601 415
601 531
601 746
601 471
602 550
602 746
602 415
602 531
602 471
603 299
603 684
603 518
603 854
603 651
604 550
604 746
604 415
604 531
604 591
605 550
605 746
605 415
605 531
605 471
606 550
606 746
606 415
606 531
606 471
607 550
607 746
607 415
607 531
607 471
608 746
608 550
608 415
608 591
608 473
609 550
609 746
609 415
609 531
609 471
610 550
610 415
610 746
610 531
610 471
611 550
611 746
611 415
611 471
611 531
612 550
612 415
612 746
612 531
612 471
613 746
613 550
613 473
613 591
613 415
614 550
614 746
614 415
614 531
614 471
615 550
615 415
615 746
615 531
615 471
616 550
616 746
616 415
616 471
616 591
617 746
617 550
617 415
617 591
617 473
618 550
618 746
618 415
618 531
618 591
619 550
619 746
619 415
619 531
619 471
620 550
620 746
620 415
620 531
620 471
621 550
621 746
621 415
621 531
621 591
622 550
622 415
622 746
622 531
622 471
623 746
623 550
623 473
623 415
623 591
624 550
624 746
624 415
624 531
624 471
625 518
625 924
625 299
625 276
625 753
626 550
626 746
626 415
626 531
626 471
627 550
627 415
627 746
627 531
627 471
628 550
628 746
628 415
628 531
628 591
629 550
629 746
629 415
629 531
629 591
630 518
630 299
630 305
630 924
630 684
631 550
631 746
631 415
631 531
631 591
632 518
632 924
632 106
632 426
632 171
633 550
633 415
633 746
633 531
633 471
634 550
634 746
634 415
634 531
634 591
635 550
635 746
635 415
635 591
635 531
636 746
636 550
636 415
636 591
636 473
637 550
637 746
637 415
637 531
637 471
638 550
638 415
638 746
638 531
638 471
639 550
639 746
639 415
639 531
639 471
640 550
640 746
640 415
640 531
640 471
641 550
641 415
641 746
641 531
641 471
642 550
642 746
642 415
642 591
642 531
643 550
643 746
643 415
643 591
643 473
644 550
644 746
644 415
644 531
644 591
645 550
645 415
645 531
645 471
645 746
646 550
646 746
646 415
646 531
646 591
647 550
647 746
647 415
647 531
647 471
648 550
648 415
648 746
648 531
648 471
649 550
649 746
649 415
649 531
649 591
650 550
650 415
650 746
650 531
650 471
651 821
651 107
651 878
651 574
651 113
652 550
652 746
652 415
652 591
652 531
653 550
653 746
653 415
653 531
653 591
654 550
654 746
654 415
654 471
654 531
655 518
655 924
655 299
655 276
655 426
656 550
656 746
656 415
656 531
656 471
657 746
657 473
657 550
657 591
657 415
658 550
658 746
658 415
658 531
658 471
659 746
659 473
659 591
659 550
659 415
660 550
660 746
660 415
660 531
660 591
661 550
661 415
661 746
661 531
661 471
662 746
662 550
662 415
662 591
662 473
663 550
663 746
663 415
663 591
663 531
664 746
664 550
664 415
664 473
664 591
665 550
665 746
665 415
665 531
665 471
666 550
666 746
666 415
666 531
666 591
667 746
667 550
667 415
667 591
667 473
668 550
668 746
668 415
668 531
668 591
669 550
669 746
669 415
669 531
669 591
670 550
670 746
670 415
670 531
670 591
671 473
671 746
671 591
671 715
671 456
672 550
672 746
672 415
672 531
672 591
673 550
673 746
673 415
673 531
673 591
674 550
674 746
674 415
674 591
674 471
675 550
675 746
675 415
675 591
675 531
676 550
676 415
676 746
676 531
676 471
677 746
677 550
677 591
677 473
677 415
678 550
678 746
678 415
678 591
678 473
679 550
679 746
679 415
679 531
679 471
680 550
680 415
680 531
680 471
680 746
681 550
681 746
681 415
681 531
681 591
682 550
682 746
682 415
682 531
682 471
683 550
683 746
683 415
683 531
683 591
684 518
684 924
684 299
684 426
684 276
685 550
685 746
685 415
685 531
685 591
686 746
686 550
686 415
686 591
686 473
687 518
687 924
687 426
687 632
687 276
688 746
688 550
688 473
688 415
688 591
689 550
689 746
689 415
689 531
689 471
690 550
690 746
690 415
690 531
690 471
691 821
691 107
691 574
691 113
691 878
692 746
692 550
692 415
692 591
692 473
693 550
693 746
693 415
693 531
693 591
694 518
694 123
694 201
694 924
694 132
695 746
695 550
695 415
695 591
695 473
696 550
696 746
696 415
696 531
696 471
697 550
697 746
697 415
697 531
697 471
698 518
698 924
698 632
698 426
698 106
699 550
699 415
699 746
699 531
699 471
700 550
700 746
700 415
700 591
700 473
701 746
701 550
701 473
701 415
701 591
702 746
702 550
702 415
702 591
702 473
703 550
703 746
703 415
703 531
703 591
704 550
704 746
704 415
704 531
704 471
705 550
705 415
705 531
705 53
705 471
706 550
706 415
706 746
706 531
706 471
707 550
707 746
707 415
707 531
707 591
708 550
708 746
708 415
708 531
708 591
709 746
709 550
709 415
709 591
709 473
710 550
710 746
710 415
710 531
710 471
711 550
711 415
711 746
711 531
711 471
712 518
712 924
712 299
712 276
712 426
713 550
713 746
713 415
713 531
713 591
714 550
714 746
714 415
714 531
714 591
715 550
715 746
715 415
715 531
715 591
716 550
716 746
716 415
716 531
716 471
717 550
717 415
717 531
717 746
717 471
718 746
718 550
718 415
718 591
718 473
719 570
719 134
719 518
719 53
719 123
720 550
720 746
720 415
720 531
720 591
721 746
721 550
721 415
721 473
721 591
722 746
722 550
722 591
722 473
722 415
723 550
723 415
723 746
723 531
723 471
724 550
724 415
724 746
724 531
724 471
725 821
725 107
725 651
725 878
725 691
726 550
726 746
726 415
726 531
726 591
727 550
727 415
727 746
727 531
727 471
728 550
728 471
728 415
728 531
728 746
729 550
729 746
729 415
729 531
729 591
730 550
730 746
730 415
730 591
730 531
731 107
731 821
731 113
731 651
731 574
732 746
732 550
732 415
732 591
732 473
733 746
733 550
733 415
733 591
733 473
734 550
734 415
734 746
734 531
734 471
735 518
735 924
735 299
735 753
735 276
736 550
736 746
736 415
736 531
736 591
737 550
737 746
737 415
737 591
737 531
738 550
738 415
738 746
738 531
738 471
739 473
739 715
739 746
739 456
739 591
740 550
740 746
740 415
740 531
740 471
741 550
741 415
741 746
741 531
741 471
742 550
742 746
742 415
742 531
742 591
743 550
743 415
743 746
743 531
743 471
744 550
744 746
744 415
744 531
744 591
745 746
745 550
745 415
745 473
745 591
746 550
746 415
746 531
746 471
746 591
747 550
747 746
747 415
747 531
747 591
748 550
748 746
748 415
748 531
748 591
749 518
749 924
749 299
749 276
749 753
750 550
750 746
750 415
750 531
750 471
751 550
751 746
751 415
751 531
751 591
752 746
752 550
752 473
752 415
752 591
753 518
753 924
753 299
753 276
753 171
754 473
754 746
754 715
754 591
754 456
755 550
755 415
755 746
755 531
755 471
756 550
756 746
756 415
756 531
756 591
757 550
757 746
757 415
757 531
757 471
758 746
758 550
758 415
758 591
758 473
759 518
759 924
759 299
759 276
759 426
760 550
760 746
760 415
760 531
760 591
761 550
761 415
761 746
761 531
761 471
762 550
762 746
762 415
762 531
762 471
763 550
763 746
763 415
763 591
763 531
764 550
764 415
764 746
764 531
764 471
765 550
765 746
765 415
765 531
765 471
766 550
766 746
766 415
766 531
766 591
767 550
767 746
767 415
767 531
767 591
768 550
768 415
768 531
768 471
768 746
769 550
769 746
769 415
769 531
769 591
770 550
770 746
770 415
770 531
770 591
771 550
771 415
771 746
771 531
771 471
772 550
772 746
772 415
772 531
772 471
773 550
773 746
773 415
773 531
773 471
774 123
774 132
774 53
774 226
774 550
775 550
775 746
775 415
775 591
775 531
776 746
776 550
776 415
776 591
776 473
777 746
777 550
777 473
777 591
777 415
778 550
778 415
778 746
778 531
778 471
779 550
779 746
779 415
779 531
779 591
780 746
780 550
780 415
780 591
780 473
781 746
781 473
781 591
781 550
781 415
782 550
782 415
782 746
782 531
782 471
783 746
783 473
783 550
783 591
783 415
784 550
784 415
784 531
784 471
784 746
785 550
785 746
785 415
785 591
785 531
786 550
786 746
786 415
786 531
786 591
787 550
787 746
787 415
787 531
787 471
788 550
788 746
788 415
788 591
788 473
789 550
789 746
789 415
789 531
789 471
790 746
790 550
790 473
790 415
790 591
791 518
791 924
791 632
791 106
791 753
792 746
792 473
792 591
792 550
792 415
793 746
793 473
793 550
793 591
793 415
794 550
794 746
794 415
794 591
794 473
795 550
795 746
795 415
795 531
795 471
796 473
796 746
796 591
796 715
796 550
797 550
797 415
797 746
797 531
797 471
798 746
798 550
798 415
798 473
798 591
799 746
799 473
799 591
799 550
799 415
800 550
800 415
800 531
800 746
800 471
801 550
801 746
801 415
801 531
801 471
802 550
802 415
802 746
802 531
802 471
803 550
803 746
803 415
803 531
803 591
804 550
804 746
804 415
804 531
804 471
805 550
805 746
805 415
805 531
805 591
806 550
806 746
806 415
806 531
806 471
807 550
807 415
807 746
807 531
807 471
808 746
808 473
808 591
808 550
808 415
809 550
809 746
809 415
809 531
809 591
810 550
810 415
810 746
810 531
810 471
811 550
811 415
811 746
811 531
811 471
812 746
812 473
812 591
812 550
812 415
813 821
813 651
813 107
813 878
813 509
814 550
814 746
814 415
814 531
814 471
815 821
815 107
815 574
815 113
815 878
816 550
816 746
816 415
816 531
816 471
817 746
817 473
817 591
817 550
817 715
818 550
818 415
818 746
818 531
818 471
819 746
819 550
819 415
819 473
819 591
820 550
820 746
820 415
820 531
820 471
821 574
821 107
821 113
821 878
821 559
822 550
822 746
822 415
822 531
822 591
823 518
823 924
823 299
823 753
823 276
824 550
824 746
824 415
824 531
824 471
825 550
825 746
825 415
825 591
825 531
826 821
826 107
826 574
826 878
826 113
827 550
827 415
827 746
827 471
827 531
828 746
828 473
828 591
828 550
828 715
829 550
829 746
829 415
829 531
829 471
830 550
830 746
830 415
830 531
830 591
831 821
831 107
831 574
831 878
831 651
832 550
832 746
832 415
832 531
832 471
833 550
833 746
833 415
833 591
833 473
834 550
834 746
834 415
834 531
834 471
835 550
835 415
835 746
835 531
835 471
836 473
836 746
836 591
836 715
836 456
837 550
837 746
837 415
837 591
837 531
838 746
838 473
838 591
838 550
838 715
839 550
839 746
839 415
839 531
839 471
840 550
840 415
840 746
840 531
840 471
841 746
841 473
841 550
841 591
841 415
842 550
842 746
842 415
842 591
842 531
843 550
843 415
843 746
843 531
843 471
844 821
844 651
844 107
844 878
844 854
845 550
845 746
845 415
845 531
845 471
846 550
846 415
846 746
846 471
846 531
847 550
847 746
847 415
847 531
847 471
848 550
848 746
848 415
848 531
848 471
849 550
849 746
849 415
849 591
849 531
850 550
850 746
850 415
850 531
850 591
851 550
851 415
851 746
851 531
851 471
852 821
852 574
852 878
852 107
852 509
853 746
853 550
853 415
853 591
853 473
854 518
854 299
854 924
854 305
854 684
855 746
855 473
855 550
855 591
855 415
856 746
856 550
856 415
856 473
856 591
857 550
857 746
857 415
857 531
857 591
858 550
858 415
858 746
858 531
858 471
859 550
859 415
859 746
859 531
859 471
860 550
860 415
860 746
860 531
860 471
861 550
861 746
861 415
861 531
861 471
862 550
862 746
862 415
862 591
862 531
863 550
863 746
863 415
863 531
863 591
864 550
864 746
864 415
864 591
864 531
865 518
865 924
865 632
865 426
865 106
866 550
866 746
866 415
866 531
866 591
867 550
867 746
867 415
867 531
867 591
868 746
868 550
868 415
868 473
868 591
869 550
869 746
869 415
869 531
869 471
870 550
870 746
870 415
870 531
870 591
871 746
871 473
871 591
871 550
871 415
872 550
872 746
872 415
872 591
872 473
873 550
873 415
873 531
873 471
873 746
874 550
874 746
874 415
874 531
874 591
875 550
875 415
875 746
875 531
875 471
876 550
876 746
876 415
876 531
876 591
877 550
877 746
877 415
877 531
877 471
878 821
878 574
878 107
878 113
878 559
879 550
879 746
879 415
879 531
879 591
880 550
880 746
880 415
880 531
880 471
881 550
881 746
881 415
881 531
881 591
882 550
882 746
882 415
882 531
882 471
883 550
883 746
883 415
883 591
883 531
884 550
884 746
884 415
884 531
884 591
885 550
885 746
885 415
885 531
885 591
886 550
886 415
886 746
886 531
886 471
887 550
887 415
887 531
887 746
887 471
888 550
888 746
888 415
888 531
888 591
889 550
889 746
889 415
889 531
889 591
890 550
890 415
890 746
890 531
890 471
891 550
891 746
891 415
891 531
891 471
892 550
892 415
892 746
892 531
892 471
893 550
893 746
893 415
893 531
893 471
894 550
894 415
894 746
894 531
894 591
895 550
895 746
895 415
895 591
895 531
896 550
896 746
896 415
896 531
896 471
897 550
897 415
897 746
897 531
897 471
898 550
898 746
898 415
898 591
898 531
899 550
899 415
899 746
899 471
899 531
900 550
900 746
900 415
900 531
900 471
901 746
901 550
901 473
901 415
901 591
902 550
902 746
902 415
902 531
902 591
903 550
903 746
903 415
903 531
903 471
904 550
904 415
904 746
904 531
904 471
905 550
905 746
905 415
905 591
905 531
906 550
906 415
906 746
906 531
906 471
907 550
907 415
907 531
907 746
907 471
908 550
908 746
908 415
908 531
908 471
909 550
909 746
909 415
909 591
909 473
910 550
910 746
910 415
910 531
910 471
911 550
911 746
911 415
911 531
911 591
912 550
912 746
912 415
912 531
912 591
913 550
913 415
913 471
913 531
913 746
914 550
914 415
914 471
914 746
914 531
915 550
915 746
915 415
915 531
915 591
916 746
916 473
916 550
916 591
916 415
917 550
917 415
917 746
917 531
917 471
918 550
918 746
918 415
918 531
918 591
919 518
919 924
919 632
919 106
919 426
920 550
920 746
920 415
920 591
920 531
921 550
921 746
921 415
921 531
921 471
922 550
922 746
922 415
922 531
922 471
923 746
923 550
923 415
923 591
923 473
924 518
924 426
924 299
924 276
924 753
925 518
925 299
925 924
925 305
925 276
926 550
926 415
926 746
926 531
926 471
927 550
927 746
927 415
927 531
927 591
928 746
928 550
928 415
928 591
928 473
929 550
929 746
929 415
929 471
929 531
930 550
930 746
930 415
930 591
930 473
931 550
931 746
931 415
931 531
931 471
932 746
932 550
932 415
932 591
932 473
933 550
933 746
933 415
933 531
933 471
934 550
934 415
934 746
934 531
934 471
935 550
935 471
935 415
935 531
935 746
936 550
936 746
936 415
936 531
936 471
937 550
937 746
937 415
937 531
937 591
938 550
938 746
938 415
938 531
938 471
939 550
939 415
939 746
939 531
939 471
940 550
940 415
940 746
940 531
940 471
941 550
941 746
941 415
941 531
941 591
942 550
942 746
942 415
942 531
942 471
